"model"	"n.muts"	"coes"	"sigma"	"u.mean"	"d.hat.MLE"	"u.hats.A"	"u.hats.B"	"u.hats.C"	"u.hats.D"	"u.hats.E"	"u.hats.F"	"u.hats.G"	"u.hats.H"	"u.hats.I"	"R2.stick"	"sig.stick"	"lnL.stick"	"P.stick"	"s.mean"	"s.hats.A"	"s.hats.B"	"s.hats.C"	"s.hats.D"	"s.hats.E"	"s.hats.F"	"s.hats.G"	"s.hats.H"	"s.hats.I"	"R2.mult"	"sig.mult"	"lnL.mult"	"P.mult"	"w.mean"	"w.hats.A"	"w.hats.B"	"w.hats.C"	"w.hats.D"	"w.hats.E"	"w.hats.F"	"w.hats.G"	"w.hats.H"	"w.hats.I"	"R2.add"	"sig.add"	"lnL.add"	"P.add"
"stick"	9	0.372096058016177	0.0323632087092847	0.42459910328233	0.880087847478626	0.42744	0.45396	0.41369	0.42698	0.42758	0.47254	0.3887	0.40817	0.40233	0.93812	0.02694	62.46292	-7.62198	0.228263804049148	0.21399	0.22702	0.23071	0.20744	0.22627	0.28514	0.24011	0.20267	0.22102	-0.28161	0.12261	20.03439	-52.91136	0.269926261957418	0.25965	0.27748	0.26933	0.25481	0.26933	0.32361	0.27056	0.2463	0.25826	0.39784	0.08404	30.60914	-43.76024
"stick"	9	0.162074507039506	0.0673132092342712	0.254927207852425	0.690163190980462	0.16581	0.25067	0.17136	0.20048	0.2614	0.33984	0.3387	0.28169	0.2844	0.67405	0.04646	47.2048	-2.35896	0.134991220411716	0.07255	0.12504	0.0912	0.10119	0.13421	0.19542	0.20032	0.14401	0.15098	0.46991	0.05925	40.39657	-13.30143	0.147258401490802	0.08362	0.1393	0.0991	0.11231	0.14818	0.20741	0.21132	0.15919	0.16488	0.57811	0.05286	43.59273	-9.35353
"stick"	9	0.24567212103866	0.0563339833752252	0.231991944964674	1.04161782258399	0.26437	0.23635	0.23871	0.27287	0.20104	0.22883	0.21532	0.231	0.19943	0.75854	0.05099	44.59997	-11.96142	0.178907393623574	0.19777	0.17082	0.18994	0.19456	0.16174	0.18504	0.18464	0.1652	0.16047	0.46637	0.07581	33.49826	-19.8179	0.203405820707667	0.22802	0.19972	0.213	0.22895	0.18151	0.20559	0.20107	0.19351	0.17929	0.66027	0.06048	39.8199	-13.30359
"stick"	9	0.421956010826398	0.241016094922088	0.228419129190702	1.76838535357016	0.28132	0.29675	0.34228	0.28798	0.17064	0.24578	0.0522	0.20284	0.17597	0.63662	0.14598	15.14995	-5.4293	0.268974461050227	0.31323	0.35184	0.41799	0.2936	0.21213	0.31694	0.08503	0.22964	0.20037	0.31292	0.20073	6.23186	-16.74709	0.332031712348768	0.39902	0.4367	0.50705	0.38929	0.25523	0.37294	0.0866	0.28965	0.25181	0.55418	0.16169	12.28745	-9.68951
"stick"	9	0.0644944386440329	0.124174256518018	0.0903252107873802	0.670300884601305	0.18314	0.06351	0.12242	-0.10911	0.14341	0.12568	-0.11889	0.06705	0.33571	0.12116	0.13463	17.41515	-26.36533	0.0733871946889141	0.12797	0.06117	0.11407	-0.08117	0.10001	0.11575	-0.07201	0.05967	0.23503	-0.04109	0.14654	15.04321	-27.00612	0.0662638153073106	0.12229	0.05307	0.09691	-0.07277	0.09979	0.09803	-0.07383	0.05147	0.22143	0.06979	0.13851	16.61979	-24.54975
"stick"	9	0.245316381123848	0.212106340331957	0.330856906824816	0.895142616602318	0.29347	0.32662	0.55885	0.34559	-0.05706	0.53035	0.19796	0.36531	0.41662	0.43388	0.16219	12.20132	-10.1899	0.210389125996731	0.15582	0.21225	0.38733	0.17231	-0.01015	0.3879	0.12359	0.17009	0.29436	0.56692	0.14186	15.95188	-14.08205	0.235674326420223	0.18708	0.238	0.4236	0.20752	-0.01995	0.41095	0.13962	0.21087	0.32337	0.57459	0.1406	16.20187	-11.76158
"stick"	9	0.125661145907361	0.0926745304604992	0.127969593589656	1.16867733162533	0.12266	0.20071	0.14689	0.08098	0.0713	0.21995	0.02335	0.16703	0.11887	0.43341	0.09134	28.27966	-9.94029	0.132419069290921	0.11727	0.21231	0.1546	0.0653	0.06434	0.24876	0.0254	0.17379	0.13001	0.39702	0.09422	27.40812	-10.54065	0.140133788688057	0.1284	0.22268	0.16242	0.07796	0.07285	0.25252	0.02672	0.18346	0.13419	0.42295	0.09218	28.02344	-10.0367
"stick"	9	0.288187700149138	0.0391519741388038	0.177852069747455	1.52503713899156	0.15958	0.18533	0.16124	0.17454	0.18509	0.16495	0.21462	0.18571	0.16961	0.91	0.03491	55.20805	-12.67793	0.208662443392203	0.17582	0.20631	0.18768	0.19984	0.21543	0.20482	0.27117	0.21752	0.19939	0.71959	0.06162	39.29856	-25.95514	0.239999316319603	0.20895	0.24429	0.21623	0.23353	0.24901	0.22831	0.29973	0.25125	0.22868	0.86846	0.04221	49.89535	-14.71
"stick"	9	0.205506042193156	0.0559897760394961	0.290097627600384	0.704634080272786	0.30443	0.30823	0.29295	0.28428	0.3552	0.30474	0.26099	0.26471	0.23534	0.74498	0.04163	50.27705	-8.23969	0.147156296959267	0.14718	0.152	0.15715	0.14228	0.18117	0.15737	0.14948	0.11825	0.11953	0.39508	0.06412	38.18436	-20.62298	0.163795364638558	0.16629	0.17158	0.17203	0.15992	0.20173	0.17285	0.16039	0.13677	0.1326	0.58147	0.05334	43.34136	-14.09939
"stick"	9	0.0649623834295198	0.0462129843072034	0.223035890887306	0.322287702480316	0.17966	0.23715	0.23648	0.03962	0.16591	0.34189	0.21283	0.33988	0.25389	0.42254	0.03651	53.95135	-11.28454	0.0609221274183307	0.04709	0.06657	0.06948	0.01064	0.03486	0.10179	0.05854	0.09414	0.06519	0.35706	0.03853	52.44778	-14.81348	0.0628804923541668	0.04904	0.06847	0.07079	0.01104	0.03753	0.10345	0.06043	0.0971	0.06805	0.37785	0.0379	52.90795	-14.13554
"stick"	9	0.297101502027363	0.0238704963121563	0.338981856057094	0.903363232169903	0.33117	0.3707	0.33954	0.36319	0.34498	0.32647	0.33712	0.32889	0.30879	0.93333	0.02714	62.2541	-5.10929	0.204394481193828	0.18645	0.21439	0.21133	0.20484	0.20618	0.21988	0.22395	0.18988	0.18267	0.30121	0.08788	29.3589	-39.72625	0.237237524948227	0.22195	0.25446	0.24218	0.24469	0.24028	0.24487	0.2502	0.22447	0.21205	0.67934	0.05953	40.26456	-24.34875
"stick"	9	0.289817635400686	0.199638875084929	0.142917348804993	2.0408733094646	0.14174	0.23716	0.12924	0.08594	0.06046	0.2611	0.10542	0.13985	0.12535	0.68881	0.11472	21.8968	-7.31303	0.233619341796276	0.22048	0.38059	0.22828	0.09867	0.09948	0.46394	0.17865	0.22578	0.2067	0.58639	0.13226	17.9138	-12.72207	0.266053569507268	0.25773	0.43993	0.24933	0.13691	0.11322	0.50353	0.19954	0.26018	0.2341	0.6689	0.11833	21.02868	-9.02749
"stick"	9	0.477189926977735	0.16180464415811	0.395402799746075	1.22933197564347	0.44757	0.26296	0.54263	0.44596	0.45911	0.38338	0.42746	0.18146	0.4081	0.40144	0.15958	12.65615	-7.83632	0.285324932222316	0.28424	0.12974	0.36695	0.2635	0.32048	0.34247	0.39156	0.15216	0.31682	-0.60981	0.2617	-1.19467	-30.09683	0.34929418440694	0.36542	0.17605	0.4563	0.34665	0.39951	0.39425	0.44513	0.18041	0.37993	-0.05754	0.21211	4.68775	-18.6762
"stick"	9	0.0904017904307693	0.171137746481691	0.165443117709053	0.677856735697378	0.39643	0.27332	0.10575	0.08942	-0.10277	0.16788	0.16111	0.23641	0.16143	0.31758	0.13034	18.32306	-14.09045	0.0830821501607835	0.1908	0.14202	0.04025	0.04366	-0.04785	0.09532	0.09163	0.11536	0.07655	0.40377	0.12183	20.21334	-13.55891	0.0903130699259006	0.20874	0.14876	0.04949	0.04835	-0.05326	0.10091	0.09709	0.12581	0.08693	0.39466	0.12276	20.00115	-13.80775
"stick"	9	0.302119830437005	0.119323207181878	0.189565934011141	1.63921922729197	0.1672	0.21267	0.22109	0.09833	0.14577	0.28748	0.17636	0.22257	0.17464	0.62114	0.1086	23.43295	-11.89172	0.233371955019019	0.18376	0.26065	0.29338	0.12244	0.17062	0.38944	0.22975	0.26282	0.18748	0.45082	0.13075	18.23557	-18.09464	0.271923135222862	0.22621	0.30489	0.33014	0.14166	0.20351	0.43361	0.25965	0.31323	0.2344	0.58012	0.11432	21.99403	-14.47711
"stick"	9	0.0904910126468167	0.224454425449949	0.195645671575661	0.802395544280697	0.15419	0.20527	0.45448	0.20404	0.15307	0.17943	0.40281	0.04075	-0.03323	0.34347	0.17168	10.60924	-8.70296	0.108768095473465	0.08219	0.12763	0.2576	0.11857	0.00379	0.12614	0.30075	0.00932	-0.04708	0.44174	0.15831	12.87924	-9.09364	0.121445175009986	0.09254	0.13908	0.28488	0.13112	0.02949	0.13271	0.30577	0.01753	-0.04012	0.45244	0.15679	13.15023	-8.81701
"stick"	9	0.292192561540287	0.131490111001767	0.19368275716282	1.41990826691079	0.23405	0.25877	0.21446	0.10009	0.23181	0.2439	0.09293	0.18176	0.18538	0.44329	0.13227	17.91176	-14.98175	0.214452506241509	0.25037	0.29202	0.24125	0.0892	0.24077	0.30675	0.11788	0.17125	0.22058	0.32883	0.14523	15.29422	-23.50334	0.242328157657544	0.28781	0.32981	0.26944	0.11203	0.28094	0.32683	0.12487	0.20774	0.24149	0.40973	0.1362	17.09227	-18.76369
"stick"	9	0.307161998236552	0.029630396340508	0.299079253855742	1.01871245914636	0.28946	0.31141	0.26747	0.30298	0.31765	0.29776	0.30546	0.29982	0.29971	0.9457	0.02493	64.63709	-6.85051	0.211685619343878	0.19404	0.20293	0.18478	0.20368	0.22563	0.23605	0.23373	0.20385	0.2205	0.43505	0.08041	31.84708	-41.04954	0.245584744266703	0.23033	0.24385	0.21526	0.24225	0.2619	0.26187	0.26193	0.2408	0.25207	0.76554	0.0518	44.15945	-24.54325
"stick"	9	0.473554487596266	0.118577072862536	0.366822994143577	1.23220075466556	0.37941	0.22632	0.29593	0.39739	0.42103	0.41044	0.35974	0.40143	0.40972	0.61258	0.1163	21.51431	-9.58433	0.299734375804617	0.3034	0.12664	0.2091	0.30149	0.36655	0.3541	0.36293	0.30984	0.36356	0.10198	0.17706	9.74487	-24.64326	0.355854477461097	0.36606	0.17545	0.26107	0.36974	0.42644	0.41197	0.39694	0.37659	0.41843	0.42305	0.14192	15.93898	-17.52905
"stick"	9	0.460564046213403	0.209743188577704	0.466992313265519	0.903955185078713	0.52154	0.5294	0.53417	0.37853	0.81988	0.37483	0.393	0.26566	0.38592	-0.01091	0.19846	6.55078	-9.2284	0.194941495158179	0.21713	0.20571	0.29415	0.15668	0.26294	0.18789	0.14832	0.12654	0.15511	-1.86031	0.33382	-8.01033	-27.59018	0.236607772018208	0.26936	0.26147	0.35127	0.19391	0.33704	0.21752	0.16867	0.15312	0.1771	-1.224	0.29436	-4.48761	-20.99058
"stick"	9	0.302368768351153	0.234640689450316	0.260696895471121	0.966703320542512	-0.02119	0.36271	0.22733	0.2612	0.2203	0.29166	0.50162	0.4539	0.04874	0.15565	0.23841	1.41552	-15.05308	0.15085992881233	-0.03226	0.20563	0.14911	0.0748	0.14563	0.08116	0.41154	0.30407	0.01805	-0.11549	0.27403	-2.48333	-22.28374	0.18003049491736	-0.03628	0.23435	0.17094	0.11581	0.16673	0.15735	0.43767	0.34841	0.02531	0.00799	0.25841	-0.84095	-18.96163
"stick"	9	0.473196758236736	0.117229106021114	0.308097507780948	1.47633279370298	0.30968	0.36336	0.19186	0.29113	0.32698	0.33695	0.29761	0.30867	0.34665	0.74936	0.09069	28.47978	-6.27995	0.293555657572591	0.27227	0.3127	0.20049	0.23896	0.30387	0.38134	0.31868	0.29343	0.32027	0.10329	0.17153	10.63357	-26.30021	0.360688580034216	0.34766	0.40371	0.23625	0.31462	0.37748	0.43577	0.37098	0.3647	0.39502	0.55621	0.12067	20.48107	-14.17751
"stick"	9	0.13999683392467	0.0612752696615644	0.207176946137745	0.725107879160072	0.27962	0.16083	0.15917	0.17731	0.17763	0.21157	0.17007	0.23634	0.29205	0.39021	0.0799	32.02402	-21.17573	0.123629968860297	0.17405	0.09263	0.08566	0.08726	0.10889	0.11145	0.10514	0.15368	0.19391	0.30394	0.08537	30.17169	-26.75873	0.132087884527944	0.18324	0.10013	0.09458	0.10016	0.11558	0.12378	0.11122	0.15989	0.20022	0.35129	0.08241	31.15783	-24.99439
"stick"	9	0.11736825928092	0.140534894890152	0.0997022607454533	1.55393275255126	0.08837	0.07396	0.08035	0.05228	0.12184	0.0805	0.10747	0.10665	0.1859	0.18183	0.12858	18.70401	-12.71403	0.140762941377085	0.12948	0.08982	0.11026	0.06864	0.14904	0.11791	0.15666	0.16029	0.28476	0.13815	0.13196	17.97588	-13.14191	0.148146229496686	0.13384	0.10245	0.11789	0.07575	0.17028	0.12167	0.16232	0.16279	0.28633	0.17319	0.12925	18.55696	-12.89731
"stick"	9	0.115435762784909	0.229200579808094	0.0106354509519445	0.864918947433591	-0.00681	0.25653	-0.04873	0.30189	-0.17853	-0.05516	-0.0074	-0.19938	0.03332	-0.61468	0.30982	-5.92113	-25.04685	0.0378242737413414	0.06913	0.1502	0.03826	0.09506	-0.12837	0.07138	0.02162	-0.03855	0.06169	-0.14072	0.26041	-1.05638	-20.75521	0.0386728142850018	0.06154	0.17587	0.03932	0.13782	-0.13076	0.05963	0.01562	-0.06141	0.05042	-0.16352	0.263	-1.33347	-21.97341
"stick"	9	0.385720101709012	0.249996238562744	0.21682593611775	1.47386298116585	0.1572	0.12716	-0.03611	0.22757	0.31344	0.30937	0.43333	0.35176	0.06771	0.16733	0.24771	0.34341	-18.0245	0.213014682975886	0.15399	0.08152	0.02049	0.20882	0.23829	0.31913	0.52775	0.28121	0.08593	-0.26049	0.30478	-5.46129	-22.94115	0.250855822663358	0.18312	0.11435	-0.00411	0.25808	0.29829	0.37507	0.58311	0.35604	0.09375	-0.03557	0.27625	-2.70966	-21.64343
"stick"	9	0.380273626942653	0.220571551239118	0.389022195740795	1.17380166842249	0.53434	0.45913	0.24793	0.42857	0.39762	0.18082	0.36628	0.44451	0.44201	0.34365	0.2339	1.94939	-3.82003	0.310315562466043	0.48027	0.27783	0.20024	0.32882	0.31643	0.06303	0.34117	0.40462	0.38044	0.4937	0.20544	5.58319	-8.42502	0.360726632855403	0.52367	0.36113	0.23368	0.38499	0.36679	0.12274	0.37527	0.4527	0.42556	0.50919	0.20227	6.01839	-5.35035
"stick"	9	0.349987289402634	0.0902493878384121	0.342860165753204	1.02427765015294	0.33026	0.37501	0.46634	0.28069	0.31052	0.30971	0.45516	0.30061	0.25743	0.73707	0.06941	35.96645	-11.5926	0.228694894682917	0.20675	0.23253	0.32988	0.18473	0.20888	0.24174	0.30113	0.19111	0.16151	0.10999	0.1277	18.8956	-33.16641	0.269717352484547	0.25005	0.28264	0.38383	0.22114	0.24519	0.26999	0.35093	0.23044	0.19325	0.48214	0.09741	26.47693	-23.69605
"stick"	9	0.125966508488636	0.084651286364533	0.267859579793375	0.554027299636048	0.40557	0.17231	0.29068	0.28122	0.36587	0.10873	0.08902	0.39568	0.30166	0.51012	0.07535	33.66843	-6.25206	0.108215384314616	0.17651	0.06262	0.10885	0.10843	0.14545	0.04268	0.04535	0.14629	0.13775	0.63665	0.06489	37.85152	-3.4242	0.117800969400402	0.18813	0.07047	0.12048	0.11996	0.15898	0.04708	0.04663	0.16263	0.14586	0.63115	0.06538	37.64119	-3.94729
"stick"	9	0.292516575846821	0.22371200658381	0.210073557735805	0.953433892503437	0.17747	0.15073	-0.03603	0.41015	0.45334	0.15597	0.57183	0.16256	-0.15536	-0.29881	0.22797	2.66924	-17.66459	0.157320153919679	0.10488	0.08925	-0.04878	0.27878	0.33507	0.12017	0.36799	0.15423	0.01428	-0.73057	0.26314	-1.34881	-35.04744	0.173816246996876	0.12266	0.10578	-0.04021	0.31378	0.3637	0.12916	0.42361	0.15804	-0.01217	-0.52203	0.24678	0.44887	-30.00137
"stick"	9	0.490327248745598	0.189054133254103	0.34838634529435	1.19300347375043	0.2822	0.50352	0.37958	0.29576	0.37091	0.35058	0.32588	0.26969	0.35736	0.29088	0.16895	11.05869	-9.14633	0.239957468459867	0.1865	0.32996	0.29849	0.17417	0.20759	0.31027	0.18241	0.1907	0.27952	-0.60447	0.25413	-0.37259	-25.78291	0.294261619186664	0.22979	0.41587	0.35468	0.2274	0.26238	0.3537	0.23654	0.23504	0.33296	-0.13043	0.21331	4.53009	-16.99006
"stick"	9	0.449512061593123	0.117663073004223	0.425299752055849	1.00891914004948	0.27308	0.41324	0.4588	0.50559	0.30031	0.54247	0.48877	0.49654	0.3489	0.67713	0.08547	30.13865	-7.47161	0.25503057903602	0.14002	0.21832	0.25438	0.26478	0.18967	0.38921	0.33782	0.27515	0.22592	-0.44972	0.18111	9.11233	-33.50343	0.305621769301031	0.17457	0.27485	0.30768	0.33418	0.22621	0.44283	0.38591	0.33975	0.26463	0.15511	0.13826	16.67122	-19.68708
"stick"	9	0.416943554778118	0.0323057509958744	0.41366713277766	1.00629139217396	0.42341	0.43644	0.37629	0.45164	0.37945	0.3934	0.39712	0.44161	0.42363	0.93287	0.03254	57.17921	-5.26262	0.249808219354376	0.23616	0.24052	0.24578	0.24288	0.2245	0.27116	0.26867	0.25142	0.26719	-0.32068	0.14432	15.47028	-55.17035	0.301270233041859	0.29326	0.30152	0.28905	0.30643	0.27275	0.31086	0.3092	0.31117	0.3172	0.42017	0.09563	26.99461	-36.71797
"stick"	9	0.290012883977033	0.0133095466298983	0.267246523329087	1.07292191161285	0.27354	0.25471	0.25588	0.27642	0.28075	0.27647	0.26373	0.26895	0.25476	0.99041	0.00997	90.30149	-5.55695	0.205729282419416	0.20106	0.18414	0.20021	0.20022	0.2158	0.2293	0.22255	0.19718	0.20111	0.56512	0.06713	36.90093	-55.97435	0.237263696793219	0.23678	0.21861	0.22894	0.23761	0.24948	0.2556	0.24667	0.23239	0.22929	0.85238	0.03911	52.02652	-36.85129
"stick"	9	0.493183540564496	0.104377012874465	0.430161726184323	1.07601173399472	0.50662	0.38208	0.38389	0.44765	0.44893	0.39074	0.4912	0.39772	0.42264	0.75596	0.07475	33.88952	-6.20718	0.263815399482065	0.30698	0.19511	0.23933	0.26769	0.2867	0.22124	0.34023	0.24029	0.27676	-0.53686	0.18759	8.12722	-39.84593	0.3233587700856	0.38222	0.25366	0.28923	0.33671	0.35087	0.26839	0.39687	0.29955	0.33272	0.19282	0.13595	17.14243	-23.38337
"stick"	9	0.216214001446497	0.0619147472898476	0.38956887839755	0.685129311121908	0.46581	0.34831	0.44169	0.38585	0.3486	0.44865	0.41322	0.33738	0.31661	0.56917	0.07621	33.35075	-11.14929	0.18618649308049	0.20886	0.16366	0.22789	0.15079	0.1623	0.22632	0.21136	0.16224	0.16226	0.73314	0.05998	40.05627	-14.03457	0.207583868084231	0.23727	0.18433	0.24883	0.17929	0.18327	0.24539	0.23059	0.18178	0.17752	0.74418	0.05872	40.64773	-12.41813
"stick"	9	0.232416103978176	0.160964401846286	0.254590485846456	0.851358053442153	0.16328	0.27835	0.209	0.36293	0.1891	0.26723	0.14253	0.19387	0.48502	0.36459	0.14916	14.54621	-20.76939	0.152716147043865	0.11871	0.21015	0.16822	0.18925	0.03334	0.18735	0.02492	0.14122	0.3013	0.13418	0.17412	10.21448	-25.17575	0.170856380565416	0.12626	0.21922	0.17628	0.2231	0.05176	0.20087	0.05762	0.15197	0.33064	0.23881	0.16326	12.01751	-24.49024
"stick"	9	0.111655140772928	0.0958080316195264	0.219819305307756	0.579961333421733	0.17987	0.08484	0.18956	0.38931	0.23681	0.05642	0.4368	0.32234	0.08242	0.39107	0.09371	27.55965	-18.89413	0.0960562698215626	0.04925	0.05239	0.06258	0.16578	0.10763	0.03631	0.19887	0.16463	0.02706	0.26101	0.10324	24.84951	-22.25454	0.103468221277151	0.05747	0.05295	0.07402	0.1787	0.11562	0.03592	0.21354	0.17119	0.0318	0.31382	0.09948	25.88756	-21.60217
"stick"	9	0.28393856883049	0.0916697279899381	0.267683295776088	1.09143884086441	0.3466	0.3191	0.22004	0.25024	0.2957	0.33985	0.15241	0.2341	0.25111	0.74248	0.06811	36.49699	-13.22325	0.212372408276476	0.25754	0.24296	0.17937	0.16068	0.23977	0.3051	0.13971	0.17351	0.21271	0.43533	0.10085	25.505	-28.91886	0.243184228505869	0.30239	0.28458	0.20307	0.19935	0.27372	0.33278	0.15096	0.20413	0.23768	0.63183	0.08143	31.49263	-20.99196
"stick"	9	0.255879972153343	0.20751437463332	0.276234698023891	0.925088099650114	-0.00148	0.45025	0.29567	0.15495	0.24556	0.33626	0.57632	0.26154	0.16706	0.26254	0.16814	11.19244	-10.01725	0.176206940150713	0.01145	0.24075	0.18176	0.07432	0.1378	0.27106	0.38994	0.15903	0.11977	-0.01479	0.19724	6.72338	-15.0913	0.199544972415067	0.00939	0.28902	0.20739	0.09209	0.16092	0.28737	0.42914	0.1882	0.13238	0.11984	0.18369	8.71598	-12.94825
"stick"	9	0.402433296025265	0.203350851428695	0.344635307821265	0.9813146260326	0.33315	0.36732	0.35293	0.26043	0.41724	0.39883	0.16385	0.35102	0.45696	0.16311	0.17803	9.59213	-17.83621	0.209648260091734	0.20882	0.19147	0.21545	0.15821	0.23362	0.30536	0.14762	0.17287	0.25341	-0.32591	0.22409	3.14994	-30.3853	0.247006351553379	0.24588	0.24065	0.25328	0.18889	0.27988	0.33841	0.15701	0.21834	0.30071	-0.07714	0.20197	6.05896	-24.84393
"stick"	9	0.209464488271624	0.0206039631739259	0.139254061976949	1.45116504993212	0.13944	0.13218	0.13624	0.13671	0.1571	0.13269	0.13206	0.15454	0.13235	0.96306	0.01663	75.96695	-6.73322	0.164620036212927	0.16194	0.15014	0.16219	0.15595	0.18545	0.16792	0.16388	0.17725	0.15686	0.83737	0.0349	55.21746	-25.7917	0.183831707499162	0.18273	0.17142	0.1803	0.17766	0.20734	0.18088	0.17815	0.20123	0.17476	0.93645	0.02182	68.37287	-12.12873
"stick"	9	0.46115118250018	0.0740575086674653	0.34164498488589	1.2494573933213	0.30818	0.33017	0.35495	0.3687	0.3785	0.2591	0.40467	0.34412	0.3264	0.81178	0.06655	37.14224	-6.46529	0.2732399916481	0.2269	0.22921	0.27264	0.28543	0.29961	0.24414	0.37171	0.26895	0.26058	0.08888	0.14643	15.06337	-34.55611	0.331175071766181	0.2845	0.29482	0.33261	0.35502	0.36611	0.27607	0.42569	0.33172	0.31403	0.56965	0.10064	25.56426	-18.12167
"stick"	9	0.135316837893333	0.0235744168167002	0.388452392634125	0.435711274884646	0.35553	0.42124	0.39954	0.427	0.40535	0.37044	0.34181	0.40466	0.3705	0.72571	0.03686	53.68471	-13.34691	0.120601468122103	0.10764	0.12932	0.12621	0.12776	0.12616	0.12325	0.11484	0.12478	0.10545	0.89868	0.02241	67.62669	-11.21144	0.130454855548991	0.11739	0.14072	0.13581	0.13958	0.13645	0.13098	0.12185	0.13553	0.11579	0.89877	0.02239	67.64013	-9.03864
"stick"	9	0.0505380534334108	0.001850314962212	0.0858738155274156	0.597936957407825	0.08865	0.08659	0.08547	0.08338	0.08472	0.08834	0.08302	0.08587	0.08683	0.99267	0.00194	136.0963	-5.03115	0.0470250221506403	0.04817	0.04663	0.04709	0.04485	0.04624	0.04937	0.04627	0.04672	0.04788	0.97092	0.00387	116.79645	-15.89921	0.0485062780355058	0.04983	0.04839	0.04847	0.04656	0.04776	0.05055	0.04742	0.04831	0.04927	0.9836	0.00291	124.81656	-9.81634
"stick"	9	0.280270658270456	0.100103359494824	0.186901962110529	1.36545230729341	0.19306	0.15221	0.17435	0.14824	0.1787	0.22218	0.17042	0.21233	0.23063	0.52971	0.0921	28.0467	-8.39866	0.195010958180156	0.19594	0.15303	0.19551	0.13808	0.16984	0.24983	0.19533	0.20587	0.25168	0.35071	0.10822	23.53149	-13.60873	0.222736328031858	0.22751	0.17843	0.21658	0.16646	0.20137	0.27538	0.21372	0.24335	0.28182	0.48048	0.0968	26.65317	-10.59824
"stick"	9	0.136041596648283	0.123841726919636	0.294055518802831	0.579062959665649	0.26648	0.24799	0.45623	0.32817	0.11662	0.26441	0.14555	0.39738	0.42366	0.37082	0.10699	23.84924	-9.9865	0.132593095736773	0.11342	0.10389	0.23804	0.1414	-0.0021	0.12347	0.06669	0.17482	0.2337	0.48125	0.09715	26.5511	-18.37845	0.140313555304268	0.12406	0.11009	0.23805	0.15439	0.01819	0.13152	0.07167	0.18391	0.23095	0.49148	0.09619	26.82987	-14.70111
"stick"	9	0.269515607808717	0.221945192432031	0.251322774314041	0.906245147404896	0.2828	0.29699	0.12979	0.24064	0.3805	0.33986	0.12426	0.3946	0.07247	0.09851	0.2092	5.07448	-21.51814	0.141489135917776	0.1801	0.12563	0.06673	0.12646	0.238	0.14686	0.11966	0.18254	0.08741	-0.2063	0.242	0.99677	-22.73873	0.164402370602325	0.20398	0.15974	0.08104	0.14852	0.26646	0.18374	0.12387	0.2241	0.08819	-0.06664	0.22756	2.7194	-22.5691
"stick"	9	0.38842673789477	0.186166698229499	0.301321602264755	1.10883730701336	0.20521	0.2741	0.14875	0.31101	0.31574	0.31815	0.27469	0.46204	0.4022	0.36397	0.15671	13.16459	-15.80006	0.22930456603203	0.1666	0.1518	0.12574	0.21056	0.25208	0.24612	0.24978	0.32617	0.3349	0.06319	0.19018	7.74329	-20.5913	0.267370026869315	0.19201	0.19777	0.14134	0.25702	0.29086	0.28438	0.27236	0.39209	0.3785	0.2431	0.17095	10.72885	-17.44237
"stick"	9	0.115466068184469	0.0426578792394139	0.292512841318515	0.432979823536343	0.20331	0.27203	0.18805	0.35765	0.38169	0.24699	0.39414	0.31428	0.27447	0.63254	0.03758	53.14889	-10.16955	0.0964439572815462	0.05533	0.08983	0.06289	0.11734	0.12523	0.09457	0.14878	0.09129	0.08273	0.42969	0.04681	46.99505	-19.31855	0.102605451683069	0.06152	0.09602	0.06664	0.12535	0.13367	0.0975	0.15398	0.09972	0.08903	0.50632	0.04355	49.01501	-16.91538
"mult"	9	0.18702387487283	0.20736942923395	0.209704598017163	1.39875720984216	0.24722	0.10695	0.1755	0.17957	0.17581	0.18081	0.13302	0.36312	0.32534	0.49263	0.16508	11.70647	-15.44876	0.268014501326432	0.34342	0.07135	0.22331	0.1869	0.2357	0.22656	0.16382	0.48657	0.47451	0.18889	0.20873	5.13824	-24.75551	0.276235434837161	0.3365	0.11087	0.23434	0.21345	0.23623	0.23827	0.17052	0.49131	0.45461	0.43915	0.17356	10.30348	-21.0763
"mult"	9	0.486965454823803	0.152874423423782	0.479871584647587	1.79643788256058	0.38151	0.53735	0.49088	0.54337	0.58086	0.42557	0.4659	0.53917	0.35423	0.38836	0.31237	-6.1502	-18.39407	0.50111937494724	0.38716	0.51491	0.46543	0.54298	0.5949	0.51737	0.5775	0.55053	0.35929	0.8873	0.13409	17.52916	-10.71558	0.65112257790245	0.51831	0.69803	0.62692	0.7214	0.77186	0.62545	0.69432	0.7245	0.47932	0.73793	0.20447	5.71541	-11.54364
"mult"	9	0.165729813522194	0.121328622859437	0.366820230955795	0.654988518105433	0.45156	0.40767	0.37337	0.31446	0.4365	0.37116	0.15718	0.4683	0.32117	0.29674	0.12866	18.6855	-5.82426	0.173144722194066	0.21736	0.18472	0.16432	0.13908	0.18791	0.15904	0.08649	0.25191	0.16747	0.54994	0.10293	24.93416	-4.34108	0.190434938245113	0.23726	0.20549	0.18585	0.15681	0.21268	0.17802	0.09151	0.2671	0.17922	0.50778	0.10764	23.68058	-4.0197
"mult"	9	0.231233332364354	0.0870066076749936	0.447307387705384	0.861093970632442	0.48858	0.45428	0.47273	0.46924	0.44208	0.40738	0.4461	0.48571	0.35968	0.61559	0.09828	26.22697	-10.16345	0.240805083700755	0.25416	0.23216	0.23268	0.25066	0.24186	0.24462	0.23653	0.26582	0.20875	0.83357	0.06467	37.94705	-10.40628	0.282284181225196	0.30217	0.27901	0.27852	0.2976	0.28205	0.27587	0.2735	0.31227	0.23957	0.85289	0.0608	39.67486	-5.27626
"mult"	9	0.289619770727586	0.0405784781905822	0.51780995033767	0.885738936815323	0.49986	0.5151	0.52682	0.58307	0.52318	0.50411	0.44642	0.52322	0.53851	0.64753	0.10071	25.54288	-17.05319	0.273600888828968	0.24446	0.26903	0.28971	0.3017	0.27272	0.28632	0.26379	0.25754	0.27713	0.90387	0.0526	43.73196	-16.55592	0.325458157094149	0.29993	0.325	0.33959	0.365	0.32661	0.32864	0.30083	0.31375	0.32977	0.93934	0.04178	50.17858	-5.25163
"mult"	9	0.305959921632893	0.232316562673077	0.359260730096561	1.30493806641219	0.49556	0.50873	0.36615	0.39358	0.18932	0.19202	0.3125	0.42098	0.35451	0.38137	0.25251	-0.19345	-6.70704	0.289209173861845	0.3784	0.48275	0.36562	0.33078	0.12273	0.11275	0.22447	0.3403	0.24508	0.5424	0.21717	4.02786	-12.23461	0.351354626718077	0.46723	0.55331	0.41594	0.38556	0.16361	0.16748	0.28659	0.41465	0.30782	0.5498	0.21541	4.25604	-8.94924
"mult"	9	0.094517872761935	0.146287893352564	0.082619927252675	1.09421628168262	0.03881	0.18216	0.23012	0.07255	0.04401	-0.04461	0.10813	0.05531	0.05709	0.3187	0.12698	19.05491	-19.53622	0.0768231200663945	0.04169	0.18946	0.2235	0.06601	0.01419	-0.04818	0.10351	0.03602	0.06521	0.2852	0.13006	18.38282	-24.94404	0.0822606571585067	0.04155	0.1937	0.23375	0.07214	0.02758	-0.04759	0.11034	0.04545	0.06343	0.3074	0.12802	18.82459	-22.19499
"mult"	9	0.296832527383231	0.162914707732853	0.436813914003869	1.08787980069349	0.4128	0.4198	0.40254	0.50957	0.3934	0.34772	0.51529	0.51495	0.41527	0.31418	0.21014	4.94967	-11.34872	0.305487688189333	0.28593	0.28277	0.24027	0.38852	0.32029	0.19081	0.37072	0.37205	0.29804	0.68571	0.14225	15.87395	-6.66928	0.361126259956643	0.33712	0.34284	0.30352	0.44722	0.36251	0.24081	0.42687	0.43809	0.35116	0.59655	0.16117	12.37765	-8.70112
"mult"	9	0.496969089459162	0.120260062569287	0.479899919293316	1.70902682814639	0.56216	0.45921	0.43351	0.53441	0.45372	0.42172	0.4059	0.55353	0.49496	0.60818	0.21323	4.53997	-7.82318	0.454893992264761	0.5157	0.35619	0.40326	0.50288	0.41751	0.41766	0.43366	0.52318	0.52401	0.81064	0.14824	14.72034	-16.46305	0.598060085375056	0.68977	0.51708	0.5307	0.67773	0.55732	0.52585	0.53649	0.6912	0.6564	0.86075	0.12712	19.02384	-5.75318
"mult"	9	0.411150196625385	0.120525900623761	0.507587776869724	1.43778972483495	0.52415	0.56467	0.38289	0.5643	0.41143	0.55312	0.46423	0.56438	0.53913	0.45792	0.23503	1.81449	-14.6717	0.422157770604734	0.44461	0.43904	0.36632	0.43541	0.32275	0.44689	0.37097	0.43649	0.53694	0.86433	0.11758	21.2071	-12.82837	0.534392535568429	0.56585	0.57692	0.44037	0.5715	0.4197	0.55715	0.4625	0.57517	0.64037	0.78914	0.14659	15.03323	-10.66012
"mult"	9	0.483277818502393	0.244440965878312	0.473097656272571	1.87139576094315	0.56013	0.39645	0.43192	0.45684	0.47539	0.35965	0.56858	0.55041	0.4585	0.28744	0.36191	-10.27186	-8.6433	0.536320204990333	0.69809	0.3546	0.58024	0.4286	0.57712	0.42498	0.66425	0.48458	0.61442	0.58724	0.27544	-2.62767	-7.85445	0.677476496762518	0.84983	0.50854	0.68753	0.59634	0.71231	0.52076	0.8062	0.69055	0.72522	0.55939	0.28458	-3.54197	-6.09159
"mult"	9	0.20908903736854	0.14150155155221	0.366743079800775	0.991255800415723	0.36151	0.47578	0.33306	0.35118	0.39605	0.30783	0.34301	0.40572	0.32655	0.31154	0.17309	10.38002	-6.13383	0.252462340808269	0.23868	0.32852	0.26034	0.23653	0.19402	0.23561	0.21261	0.30478	0.26109	0.586	0.13422	17.50049	-9.23391	0.288954928692259	0.27878	0.37349	0.28357	0.27502	0.2549	0.26126	0.25037	0.3401	0.28309	0.53523	0.14222	15.88095	-6.65522
"mult"	9	0.416149216482881	0.236425060487818	0.317905225775561	1.90389392676471	0.33146	0.28678	0.27535	0.48533	0.31499	0.47321	0.1781	0.23154	0.2844	0.61063	0.21742	3.99534	-5.67994	0.381671901737813	0.41601	0.34746	0.36928	0.57019	0.39439	0.48295	0.25728	0.27212	0.32536	0.77734	0.16442	11.81972	-11.67263	0.480017282508585	0.52215	0.44198	0.44293	0.72279	0.49823	0.61939	0.29921	0.35107	0.42239	0.75674	0.17185	10.58083	-6.42497
"mult"	9	0.182774216437247	0.151400349568576	0.256294997026799	0.963986632748154	0.30948	0.30769	0.28571	0.17701	0.44197	0.17536	0.16067	0.22403	0.22472	0.50623	0.11138	22.72512	-11.02092	0.179706637384001	0.2367	0.17591	0.21449	0.12734	0.2897	0.13315	0.11677	0.14755	0.17574	0.68282	0.08927	28.9215	-9.4616	0.202418521929851	0.2611	0.20878	0.23707	0.14375	0.33054	0.14612	0.13033	0.17216	0.19192	0.66246	0.09209	28.05042	-9.67878
"mult"	9	0.285697161999997	0.0847486169077456	0.464785843220856	0.994997475030524	0.55059	0.47524	0.50932	0.45161	0.44616	0.51238	0.31482	0.48507	0.43789	0.4834	0.14503	15.33222	-15.92018	0.301756155416131	0.35282	0.29686	0.37041	0.25768	0.27222	0.33077	0.23698	0.29063	0.30744	0.87874	0.07027	35.62305	-7.37344	0.353954505566526	0.41659	0.35585	0.41817	0.31921	0.3271	0.38105	0.26457	0.35284	0.35022	0.79269	0.09188	28.11468	-9.43541
"mult"	9	0.415143084258307	0.164431115204934	0.449478304769311	1.45227102762214	0.44787	0.4861	0.52195	0.40054	0.51324	0.43086	0.36871	0.34375	0.5323	0.47649	0.2176	3.97215	-17.09191	0.41071151510138	0.4299	0.42329	0.48267	0.31501	0.43159	0.41584	0.36631	0.29446	0.53733	0.83599	0.1218	20.22123	-6.11578	0.50444468094825	0.52377	0.5351	0.57801	0.41796	0.54307	0.49581	0.43453	0.37722	0.63453	0.74831	0.15088	14.22506	-8.80354
"mult"	9	0.146100192784797	0.0665831007645465	0.378947446656711	0.534264346665438	0.27013	0.40656	0.44578	0.26208	0.37391	0.44059	0.4086	0.39868	0.4042	0.51044	0.06464	37.95885	-10.80502	0.150903565149602	0.09004	0.15797	0.19493	0.09304	0.1212	0.2088	0.18078	0.15093	0.16044	0.61861	0.05706	41.45434	-9.62435	0.163018389279	0.10208	0.17236	0.20668	0.10334	0.13749	0.21674	0.19014	0.16479	0.17353	0.62853	0.05631	41.82348	-8.77669
"mult"	9	0.385862264758907	0.0554891379433684	0.541863302675579	1.247072800647	0.53931	0.57185	0.57029	0.54794	0.58357	0.4983	0.50556	0.5716	0.48834	0.47578	0.19574	6.93617	-31.81862	0.39835676228454	0.39016	0.39219	0.44306	0.39149	0.42949	0.38031	0.42389	0.37947	0.35516	0.9595	0.05441	42.78459	-6.4457	0.494704467598937	0.49201	0.50453	0.53645	0.49829	0.53353	0.458	0.49676	0.49151	0.44127	0.85034	0.10459	24.48571	-18.03159
"mult"	9	0.342836500995327	0.108681427605916	0.484076140612939	1.2035272792268	0.47624	0.52015	0.54966	0.50204	0.55346	0.43176	0.40279	0.53084	0.38975	0.42962	0.19878	6.50518	-12.86321	0.370501990726159	0.35631	0.36997	0.44601	0.36235	0.41266	0.34871	0.36999	0.37464	0.29387	0.82209	0.11102	22.81553	-4.34234	0.446217719046175	0.43575	0.46284	0.5221	0.45142	0.4971	0.40837	0.4153	0.46642	0.35664	0.71743	0.13991	16.33852	-5.96507
"mult"	9	0.191756449115928	0.0438971101539209	0.417351075970458	0.651140035005229	0.44962	0.40343	0.35627	0.46384	0.5211	0.29899	0.37528	0.42455	0.46307	0.62194	0.07677	33.14518	-14.11168	0.186873039858347	0.208	0.15942	0.13203	0.21166	0.24845	0.14217	0.1748	0.19291	0.21241	0.87932	0.04337	49.13234	-6.09769	0.208973673373727	0.23187	0.18466	0.15558	0.23656	0.27284	0.15595	0.19241	0.21532	0.23558	0.84634	0.04894	45.74966	-6.77807
"mult"	9	0.332682181848213	0.0427164994180202	0.496034765907973	1.10337071480805	0.5026	0.52119	0.50452	0.49757	0.5355	0.48337	0.42427	0.50607	0.48921	0.58763	0.13979	16.36386	-26.2649	0.328273639082176	0.33018	0.35164	0.34881	0.31377	0.35419	0.35464	0.28315	0.31464	0.30344	0.9468	0.05021	45.03313	-6.97809	0.400112996356783	0.40732	0.43162	0.41735	0.39381	0.43161	0.41253	0.33891	0.39462	0.37323	0.90539	0.06696	36.97351	-9.32535
"mult"	9	0.132695231086109	0.122986313304864	0.0294427747509264	6.69839767588256	0.0475	0.02976	0.0454	0.02604	0.04208	0.01495	0.02404	0.00313	0.03207	0.55926	0.1138	22.12202	-9.04863	0.181276768980558	0.31106	0.18495	0.29464	0.15989	0.26954	0.07917	0.14548	0.00098	0.18578	0.51294	0.11963	20.723	-12.99792	0.194517346078027	0.31679	0.19687	0.30208	0.17188	0.27958	0.09681	0.15858	0.01789	0.21018	0.55838	0.11391	22.09432	-9.60091
"mult"	9	0.270877000503242	0.0236611273139715	0.53449644817214	0.827307235478984	0.5451	0.59193	0.52696	0.57727	0.56005	0.49644	0.44731	0.56278	0.50264	0.57088	0.11204	22.55886	-32.54905	0.270079123329638	0.26133	0.29643	0.26335	0.27456	0.28441	0.27843	0.25007	0.27445	0.24768	0.97732	0.02576	63.72462	-6.12337	0.317466792237514	0.31353	0.35275	0.30887	0.33129	0.33425	0.31449	0.28287	0.3276	0.29156	0.93012	0.04521	47.96746	-13.03032
"mult"	9	0.448175442765933	0.016532359062694	0.617757806274622	1.348218029885	0.65667	0.65426	0.60422	0.64489	0.61471	0.57413	0.56329	0.64244	0.60522	0.43765	0.23379	1.96242	-55.34271	0.444682851166151	0.45825	0.45843	0.44558	0.43268	0.43538	0.44916	0.42558	0.4488	0.44828	0.99565	0.02056	70.02824	-9.02459	0.574079263262702	0.6042	0.60812	0.56627	0.58254	0.56733	0.55066	0.52665	0.59214	0.5688	0.90542	0.09588	26.92044	-34.47625
"mult"	9	0.361207828647457	0.24018291226821	0.409342333633671	1.50937306646358	0.58316	0.44964	0.31001	0.44256	0.28497	0.17869	0.37249	0.47064	0.59191	0.57018	0.21567	4.22174	-4.90824	0.394469143428672	0.61813	0.3403	0.33026	0.2898	0.28959	0.19357	0.39112	0.46783	0.62961	0.78707	0.1518	14.05548	-13.78601	0.48012095992554	0.72871	0.46237	0.38668	0.41272	0.35134	0.22537	0.45896	0.56791	0.72702	0.79291	0.1497	14.44485	-8.33903
"mult"	9	0.332043216167949	0.0670744645758532	0.490754369638526	1.13802499170679	0.52962	0.51598	0.47558	0.52788	0.50054	0.40064	0.47404	0.51975	0.47275	0.61979	0.13421	17.50413	-15.6004	0.328353745835632	0.33183	0.3366	0.30952	0.3312	0.31988	0.30923	0.34084	0.34388	0.33221	0.89572	0.07029	35.61492	-12.79195	0.403945244527948	0.41937	0.42341	0.38098	0.42148	0.40044	0.35972	0.40294	0.42635	0.40083	0.91511	0.06341	38.49528	-3.93149
"mult"	9	0.245254381757695	0.218245224095881	0.0943096439058045	2.7401384215063	0.11082	0.07346	0.06704	0.10169	0.09864	0.08204	0.07318	0.1524	0.08952	0.33234	0.20137	6.1431	-16.27176	0.203868451052749	0.22285	0.15367	0.15691	0.22901	0.18835	0.2055	0.15021	0.32486	0.20346	0.27401	0.20998	4.97045	-17.44058	0.237913753555312	0.27239	0.18199	0.17477	0.26198	0.23557	0.21868	0.18328	0.38217	0.23039	0.32333	0.20272	5.95548	-16.52254
"mult"	9	0.323536687821615	0.170924557780381	0.364847558659672	1.29493809849214	0.39447	0.34569	0.36081	0.38964	0.40151	0.22837	0.39765	0.2537	0.51177	0.41796	0.16692	11.39595	-10.23575	0.2931025959716	0.30597	0.19573	0.31399	0.27649	0.3203	0.17749	0.39951	0.19528	0.45316	-0.21802	0.24147	1.05778	-27.13222	0.35701864586851	0.37948	0.27154	0.37574	0.35389	0.39183	0.21063	0.45006	0.24328	0.53673	0.16601	0.19981	6.36041	-16.74179
"mult"	9	0.259428406541701	0.173305906413589	0.234503051900627	1.39554410811202	0.34875	0.25621	0.16907	0.33666	0.2412	0.17469	0.28911	0.19958	0.09526	0.72501	0.10651	23.97654	-11.87435	0.228632246034581	0.32595	0.22341	0.15371	0.34835	0.26833	0.18824	0.29825	0.18156	0.06989	0.50811	0.14245	15.83516	-21.12316	0.270509753104021	0.396	0.27565	0.18726	0.40508	0.3007	0.21205	0.34326	0.22211	0.09248	0.65643	0.11905	20.85935	-16.03975
"mult"	9	0.433737441676203	0.0592103448580019	0.513944768012147	1.44080998363917	0.57826	0.5212	0.51556	0.56108	0.48443	0.53534	0.42307	0.52151	0.48506	0.59595	0.18211	8.95839	-20.48393	0.411131581673614	0.4228	0.41429	0.44272	0.44095	0.37879	0.42115	0.38819	0.39131	0.39997	0.91807	0.082	31.29828	-17.67441	0.530359710324456	0.5668	0.54566	0.5549	0.58222	0.49499	0.52928	0.47007	0.52138	0.50793	0.93107	0.07522	33.71574	-3.44747
"mult"	9	0.0522587188053876	0.114629307761788	0.034058193376585	0.406534962285158	-0.3147	0.19695	-0.08939	0.26686	-0.06158	0.34537	0.28462	0.06864	-0.39025	-0.43317	0.12936	18.53365	-31.57232	0.040684378592979	-0.09201	0.08093	0.00348	0.09669	-0.0064	0.18089	0.13021	0.03806	-0.06569	-0.16031	0.1164	21.49051	-30.40132	0.0348960490161378	-0.09455	0.07914	-0.0014	0.0953	-0.0093	0.16705	0.12156	0.03404	-0.07776	-0.1427	0.11551	21.7046	-33.86717
"mult"	9	0.357221016322728	0.0140786038828082	0.586601617382699	1.06413325882944	0.61015	0.60772	0.59313	0.61234	0.5957	0.54201	0.54307	0.61257	0.56273	0.50717	0.16062	12.47428	-60.97808	0.35537865733931	0.35461	0.34917	0.36605	0.3481	0.35274	0.36447	0.3536	0.35619	0.35348	0.99594	0.01458	79.64797	-9.59206	0.437207792514767	0.44583	0.44291	0.4446	0.44293	0.43789	0.42734	0.41776	0.44772	0.4279	0.93827	0.05685	41.55718	-40.36236
"mult"	9	0.0800427424605005	0.15806372393854	0.0736467868415454	1.13697629249643	0.1142	0.1692	0.05491	0.09432	0.00528	0.07134	0.10689	-0.0329	0.07958	0.26529	0.13966	16.38909	-18.06315	0.0694384143651222	0.12053	0.19921	0.05604	0.10406	-0.00724	0.05368	0.05642	-0.0508	0.09305	0.18887	0.14674	15.00371	-18.82832	0.0753170362344125	0.1227	0.19361	0.05875	0.10488	-0.0011	0.06634	0.08569	-0.04413	0.09112	0.24633	0.14145	16.03235	-18.52983
"mult"	9	0.443273314775433	0.245626009302214	0.131784140991268	4.70512864726838	0.10042	0.11397	0.10344	0.13953	0.14832	0.14927	0.1994	0.13385	0.09785	0.63029	0.1963	6.85666	-8.9028	0.448707471086527	0.28122	0.33169	0.34132	0.44149	0.50886	0.58016	0.77275	0.44855	0.33231	0.40752	0.2485	0.25432	-18.25105	0.573057149298562	0.41366	0.47483	0.44425	0.59778	0.64968	0.67314	0.89703	0.58226	0.42488	0.61531	0.20024	6.30055	-10.74914
"mult"	9	0.0500497345463373	0.102266272646375	0.183817768406558	0.51787048358209	0.05719	0.17983	0.22919	0.18639	0.06944	0.34918	0.1381	0.16597	0.27908	0.19567	0.08267	31.06995	-18.42865	0.0941266320432571	0.0171	0.093	0.11318	0.08759	0.04082	0.20586	0.0751	0.07525	0.13924	0.08353	0.08825	29.24279	-20.65668	0.0937080669790168	0.02114	0.09222	0.11378	0.08952	0.03945	0.19591	0.07319	0.07778	0.14039	0.14729	0.08512	30.2523	-19.85345
"mult"	9	0.271078407473397	0.192731839895714	0.0993643977835157	3.72508981134727	0.16226	0.07189	0.10876	0.11016	0.0909	0.05146	0.08898	0.09852	0.11135	0.47324	0.19541	6.98387	-11.47685	0.305016712361025	0.54656	0.17427	0.32861	0.31189	0.28617	0.15573	0.26933	0.3027	0.36989	0.39197	0.20995	4.97516	-18.03823	0.350843611584933	0.58879	0.24074	0.3835	0.38047	0.32302	0.1813	0.31106	0.34764	0.40108	0.46717	0.19653	6.82339	-13.10254
"mult"	9	0.130121600092389	0.198654662759509	0.225152601139655	0.701254548404352	0.47979	-0.11841	0.09869	0.15437	0.20836	0.19303	0.35139	0.38636	0.27279	0.35029	0.14497	15.34368	-13.26318	0.115393959857451	0.23466	-0.05279	0.02688	0.07465	0.11589	0.01371	0.24169	0.21857	0.16528	0.11103	0.16958	10.95415	-21.39145	0.123359885462488	0.25386	-0.05888	0.04087	0.08492	0.1219	0.0241	0.24064	0.23302	0.16981	0.19939	0.16093	12.41989	-17.9747
"mult"	9	0.457831218256615	0.0807735296548344	0.552399302464166	1.51374334197307	0.56336	0.56505	0.5658	0.54252	0.54389	0.47633	0.49371	0.5902	0.63073	0.45777	0.24537	0.60964	-24.82924	0.466405345094092	0.44885	0.46092	0.53085	0.42227	0.39779	0.44281	0.46769	0.49376	0.53272	0.96399	0.06323	38.57787	-5.09686	0.603297302741084	0.60059	0.61399	0.65844	0.57112	0.54436	0.54283	0.57053	0.64783	0.67998	0.86188	0.12384	19.7561	-12.71229
"mult"	9	0.174128185142763	0.0779831990366802	0.145840197401372	1.38035034310006	0.18128	0.14616	0.19385	0.09926	0.04604	0.17366	0.16873	0.153	0.15058	0.50649	0.08881	29.06498	-8.96255	0.167845440479338	0.19477	0.16809	0.24975	0.09796	0.04215	0.20822	0.19628	0.1682	0.18518	0.43279	0.09521	27.11641	-12.83785	0.184054678135416	0.22083	0.18505	0.25941	0.11655	0.05213	0.22382	0.21437	0.1878	0.19653	0.48705	0.09054	28.52415	-10.56999
"mult"	9	0.453044431121089	0.193775562918745	0.474505825875589	1.84527794198558	0.44738	0.44035	0.34002	0.51063	0.559	0.44992	0.52132	0.49085	0.51108	0.23749	0.38823	-12.23808	-15.26205	0.53433310225897	0.48261	0.46547	0.39074	0.60252	0.61578	0.53832	0.67561	0.4931	0.54486	0.72366	0.23372	1.97167	-5.54501	0.678889503266734	0.63146	0.62193	0.49657	0.75779	0.78021	0.66132	0.79856	0.65474	0.70744	0.54982	0.29831	-4.86043	-10.45645
"mult"	9	0.485154302511364	0.0299549314659089	0.61117877779373	1.51502814644936	0.63711	0.61964	0.60249	0.64197	0.62462	0.55233	0.58454	0.65648	0.58142	0.38491	0.28384	-3.46853	-47.42965	0.498689915796241	0.49357	0.47724	0.48469	0.51443	0.523	0.49124	0.52874	0.50371	0.4716	0.98303	0.04715	46.79399	-8.49967	0.652315235517605	0.66536	0.65015	0.63099	0.69033	0.67983	0.60916	0.65038	0.68072	0.61393	0.83655	0.14632	15.08528	-33.46772
"mult"	9	0.0658615220221691	0.104795142542571	0.042694679189744	3.0979874681832	-0.00148	0.04947	0.04449	0.03272	0.04589	0.08199	0.08971	0.02121	0.02026	0.27268	0.11963	20.72399	-11.94223	0.129299031017481	-0.00273	0.15101	0.13383	0.09443	0.13175	0.268	0.2756	0.05174	0.06007	0.24829	0.12162	20.26222	-12.31934	0.131232752479239	-0.00377	0.15223	0.13671	0.09929	0.13908	0.25702	0.27675	0.06181	0.06197	0.2712	0.11975	20.69538	-11.99974
"mult"	9	0.182961155090015	0.186776922317222	0.299582273338535	0.837933646552149	0.26274	0.2799	0.20927	0.43547	0.18863	0.31938	0.42152	0.12415	0.45517	0.13456	0.20462	5.69451	-9.31421	0.17136704476069	0.16573	0.11277	0.09831	0.19465	0.12159	0.2163	0.31018	0.03479	0.28799	0.2579	0.18948	7.84701	-9.89922	0.19433285355771	0.18166	0.14418	0.12675	0.23968	0.13239	0.23292	0.32377	0.05494	0.31271	0.27072	0.18784	8.09094	-9.43198
"mult"	9	0.452880801807623	0.222823818330653	0.3670365214875	2.03918185350651	0.47675	0.47366	0.33445	0.41549	0.33588	0.24649	0.30807	0.42874	0.28379	0.43887	0.3384	-8.39163	-5.06191	0.454163582302881	0.61467	0.57238	0.32541	0.53525	0.48042	0.18735	0.39846	0.60428	0.36925	0.62801	0.27553	-2.63636	-12.03819	0.588047141899418	0.75194	0.74317	0.48518	0.68066	0.58308	0.33714	0.50364	0.73734	0.47027	0.612	0.2814	-3.22659	-7.07125
"mult"	9	0.361036962398794	0.0568502045352943	0.558390245862974	1.13452234442868	0.63884	0.55333	0.55579	0.62183	0.57235	0.51484	0.47255	0.54136	0.55464	0.52933	0.16697	11.38841	-27.50008	0.364788678352854	0.43259	0.33496	0.37424	0.38035	0.40075	0.32952	0.34711	0.32013	0.36344	0.96958	0.04245	49.73339	-7.7553	0.450729296632429	0.53293	0.43021	0.45502	0.486	0.48714	0.3998	0.4076	0.41202	0.44584	0.91432	0.07124	35.23771	-8.44032
"mult"	9	0.422792166855652	0.199911741772667	0.196599691423819	2.54489350996307	0.22893	0.22219	0.18349	0.26727	0.1843	0.14676	0.21209	0.14669	0.17768	0.71405	0.1399	16.34124	-4.3957	0.333253954734895	0.37787	0.35708	0.34508	0.42639	0.32332	0.26872	0.37613	0.23288	0.29181	0.34724	0.21137	4.78559	-18.98197	0.427536209703256	0.49403	0.47624	0.41872	0.5702	0.4083	0.3249	0.46618	0.31066	0.37857	0.65548	0.15356	13.73253	-7.469
"mult"	9	0.333787322056014	0.109098531189375	0.473450985362657	1.17668036243542	0.49782	0.47623	0.47605	0.50446	0.50303	0.34281	0.41443	0.51798	0.52826	0.46184	0.1808	9.15955	-16.48103	0.348610085417948	0.36059	0.32263	0.36198	0.33357	0.33309	0.29543	0.32367	0.37771	0.42882	0.86546	0.0904	28.56777	-3.32687	0.421482250995609	0.44104	0.4069	0.43127	0.42292	0.41579	0.337	0.37982	0.45845	0.50013	0.7716	0.11779	21.15872	-9.75961
"mult"	9	0.104928406677209	0.237863813526928	0.022249488737647	3.25556152619637	0.02597	-0.01945	0.02362	-0.00864	-0.0318	0.01728	0.085	0.00756	0.10071	0.02695	0.26151	-1.17478	-17.15257	0.0470940378554023	0.03281	-0.08336	0.07077	-0.06642	-0.07185	0.01478	0.26545	-0.0268	0.28846	-0.06548	0.27365	-2.44526	-16.80345	0.0675828718560933	0.07412	-0.06396	0.07527	-0.03524	-0.09309	0.04589	0.27382	0.01453	0.31691	0.02251	0.26211	-1.23857	-16.95601
"mult"	9	0.473084364458919	0.241107977635693	0.387455079482615	1.898799193189	0.4416	0.41686	0.40306	0.50029	0.50882	0.19504	0.26923	0.40593	0.34626	0.44359	0.31259	-6.16973	-5.42723	0.406837520110529	0.49492	0.48019	0.37494	0.57047	0.65676	0.26171	0.23025	0.3753	0.21699	0.61478	0.26009	-1.02226	-14.39232	0.537509839414617	0.64732	0.61602	0.51841	0.72842	0.79099	0.31227	0.318	0.51937	0.38679	0.65508	0.24611	0.52481	-9.17722
"mult"	9	0.1075078616268	0.23890656552976	0.042037832238562	0.661644766740834	-0.025	0.06722	0.11128	0.23791	-0.21527	0.25705	-0.08954	0.15458	-0.1199	-0.20977	0.2409	1.12414	-20.80771	0.0241267756780729	-0.07667	0.03703	0.03916	0.13659	-0.10098	0.13066	-0.01929	0.09748	-0.02683	-0.19444	0.23937	1.30275	-31.6699	0.0230661805610525	-0.06378	0.0389	0.04479	0.13716	-0.10441	0.12926	-0.02869	0.0915	-0.03712	-0.1946	0.23939	1.30082	-27.81543
"add"	9	0.366526726237498	0.0536358738318086	0.544489957204548	0.971959308299474	0.57136	0.57926	0.50633	0.55347	0.56933	0.52551	0.48367	0.55281	0.55866	0.57181	0.12776	18.88262	-27.76926	0.310169344984566	0.31987	0.30843	0.30659	0.28973	0.3163	0.31229	0.30035	0.3008	0.33717	0.94645	0.04518	47.98841	-14.47634	0.374649635057036	0.39156	0.38387	0.36291	0.36276	0.38553	0.36622	0.34881	0.37105	0.39914	0.93706	0.04898	45.72633	-8.5129
"add"	9	0.305532610951923	0.217003642232157	0.366812701266606	1.21086615030096	0.32593	0.33621	0.39968	0.27551	0.2103	0.2846	0.58492	0.46868	0.41548	0.21384	0.27657	-2.74211	-16.35629	0.284750232280302	0.25165	0.24394	0.273	0.266	0.12959	0.10495	0.58721	0.3443	0.36213	0.30257	0.2605	-1.0655	-13.41588	0.337708526743823	0.29919	0.29583	0.33199	0.29065	0.16538	0.19469	0.63089	0.41438	0.41638	0.34212	0.253	-0.24812	-14.84661
"add"	9	0.0953284252202138	0.0104987388476729	0.11099807973006	0.893081854635867	0.11255	0.11071	0.10944	0.10784	0.10899	0.10142	0.10918	0.12068	0.11817	0.96184	0.00853	94.67252	-7.97376	0.0868638637581247	0.08731	0.08433	0.08592	0.08204	0.0845	0.08155	0.08841	0.09326	0.09445	0.91266	0.0129	83.07827	-15.9789	0.0920260171929568	0.09289	0.09043	0.09087	0.08801	0.08988	0.08534	0.09226	0.09938	0.09918	0.94635	0.01011	89.90107	-11.62003
"add"	9	0.288393265067134	0.0198842916288413	0.532926731776134	0.763867440332198	0.55638	0.55877	0.48441	0.57074	0.56038	0.51153	0.48507	0.52931	0.53975	0.692	0.07847	32.53157	-28.47212	0.244110367231086	0.25029	0.23662	0.2274	0.25468	0.26712	0.25515	0.23896	0.22641	0.24037	0.92486	0.03876	52.28145	-24.06333	0.285748008176585	0.29649	0.28537	0.26347	0.30352	0.3107	0.28848	0.27102	0.27136	0.28133	0.98233	0.01879	72.54656	-5.63743
"add"	9	0.493775893223938	0.14132721000351	0.265765064871895	2.16134455838292	0.2238	0.28347	0.33839	0.22133	0.26275	0.32931	0.216	0.24854	0.2683	0.74964	0.11528	21.75992	-14.73648	0.375490142049932	0.30574	0.3901	0.52213	0.27658	0.31854	0.51551	0.34602	0.32307	0.38172	0.17503	0.20927	5.06572	-31.39601	0.478603395236332	0.39955	0.50972	0.63627	0.3765	0.43954	0.62171	0.41068	0.43051	0.48295	0.6363	0.13895	16.53213	-20.63402
"add"	9	0.408627270907164	0.246396366565023	0.406501920069274	1.59397510954315	0.36539	0.39995	0.45716	0.32441	0.39689	0.43674	0.26109	0.50188	0.51502	0.32705	0.29274	-4.33294	-5.59245	0.40717078550781	0.3654	0.38249	0.4128	0.20748	0.28357	0.51498	0.31091	0.54601	0.6409	0.43136	0.2691	-1.97501	-10.63129	0.499095012951132	0.45598	0.48494	0.51254	0.31826	0.38622	0.58811	0.36016	0.65793	0.72772	0.47002	0.25979	-0.98939	-7.88428
"add"	9	0.077259491069708	0.211422650259919	0.0607466001396337	1.12255154439076	-0.06866	-0.02621	0.03555	0.11679	0.13438	0.10018	0.13917	0.13754	-0.02201	-0.05715	0.17621	9.87991	-34.92509	0.0512833999924269	-0.04787	-0.01272	-0.05062	0.12151	0.14005	0.08217	0.10657	0.13092	-0.00847	-0.15455	0.18415	8.64603	-31.72824	0.0572248652983232	-0.05908	-0.01871	-0.0156	0.12369	0.14173	0.09522	0.12686	0.13585	-0.01492	-0.09064	0.17898	9.44326	-33.54379
"add"	9	0.442325564287603	0.137455612944905	0.0624063243374094	8.37600150513979	0.04363	0.05116	0.06944	0.0491	0.0464	0.06991	0.07225	0.07693	0.08283	0.80657	0.11526	21.76651	-7.48727	0.408619549793369	0.25053	0.31142	0.45933	0.29993	0.26996	0.50213	0.51734	0.49991	0.56703	0.68114	0.14798	14.76881	-17.47711	0.505056131799981	0.34635	0.40983	0.56306	0.3935	0.36796	0.57377	0.5924	0.62282	0.67582	0.80392	0.11604	21.57618	-8.68351
"add"	9	0.208953631389886	0.166259227786213	0.301444606126402	0.763805589219263	0.31322	0.34554	0.31784	0.32329	0.07769	0.28763	0.20048	0.40441	0.4429	0.27413	0.14548	15.24589	-13.73046	0.160439377652402	0.14993	0.15515	0.15068	0.17283	0.03495	0.17705	0.11049	0.21252	0.28036	0.10795	0.16128	12.35971	-20.36844	0.17920219086398	0.17389	0.17987	0.17345	0.19376	0.03903	0.19006	0.12327	0.23987	0.29963	0.18375	0.15427	13.60287	-18.08917
"add"	9	0.303844806307461	0.195660931523889	0.207670835328447	1.59863526952637	0.25743	0.15868	0.28716	0.23057	0.25023	0.11992	0.22981	0.1186	0.21664	0.32473	0.19227	7.43695	-12.12834	0.247722916169775	0.32102	0.1737	0.40217	0.27705	0.31275	0.1252	0.30561	0.05385	0.25815	0.13048	0.21818	3.89734	-19.77344	0.285770959272329	0.36248	0.20721	0.42946	0.31971	0.3529	0.15235	0.33855	0.10867	0.30061	0.27132	0.19973	6.37127	-16.51718
"add"	9	0.490780723013449	0.0299352513393387	0.597792103723123	1.23245267731162	0.6104	0.6275	0.6206	0.61907	0.59848	0.56555	0.54047	0.60351	0.59454	0.59232	0.15552	13.37804	-47.7841	0.393429635076614	0.3871	0.38017	0.43898	0.36796	0.3734	0.4238	0.39305	0.36701	0.4094	0.87792	0.0851	30.25978	-43.38657	0.501598059217374	0.50547	0.50616	0.5445	0.49265	0.48507	0.5091	0.47537	0.48483	0.51124	0.98949	0.02497	64.59205	-7.30215
"add"	9	0.223205423995387	0.070933812414296	0.149392989146792	1.68432861164916	0.15227	0.14987	0.16313	0.13523	0.16312	0.09438	0.20492	0.14999	0.13162	0.85238	0.04532	47.89942	-6.67704	0.199382840036537	0.19341	0.18784	0.22054	0.17894	0.21783	0.13621	0.29259	0.18644	0.18064	0.70513	0.06406	38.21319	-18.13776	0.227397282908872	0.22647	0.22192	0.24962	0.20568	0.24867	0.14865	0.32152	0.22116	0.20289	0.82378	0.04952	45.42064	-11.16792
"add"	9	0.211067040578928	0.237252266553696	0.0713317807325428	3.37279401020119	0.10976	0.11503	0.0866	0.05281	0.02161	0.03213	-0.04239	0.09871	0.16773	0.72989	0.14015	16.29117	-11.52526	0.209378709953934	0.36161	0.37666	0.25031	0.13131	0.07779	0.10168	-0.18801	0.27488	0.49819	0.63696	0.16248	12.15167	-16.18632	0.230986786126771	0.36269	0.38023	0.2795	0.16417	0.07622	0.10663	-0.15284	0.31553	0.54675	0.72491	0.14144	16.03531	-12.58692
"add"	9	0.364618423057254	0.0604465209180489	0.495151490246214	0.998524250748983	0.52439	0.54155	0.53629	0.52321	0.48492	0.40756	0.49983	0.43987	0.49873	0.63472	0.11608	21.56788	-18.8523	0.29312328366525	0.31854	0.30242	0.32561	0.2972	0.28259	0.2347	0.30576	0.2597	0.31159	0.91128	0.05721	41.38091	-13.99868	0.354227626435582	0.38508	0.37604	0.38783	0.36671	0.34449	0.28235	0.35857	0.3173	0.36968	0.92992	0.05084	44.68128	-6.0846
"add"	9	0.379419740987942	0.154194734059274	0.444572237372661	1.12883805306017	0.38776	0.44777	0.45328	0.51957	0.38257	0.43469	0.3397	0.5406	0.49521	0.50526	0.15208	14.00259	-12.21719	0.304683736907657	0.26665	0.27523	0.32196	0.31985	0.25593	0.32426	0.28637	0.34894	0.34296	0.76996	0.10371	24.72327	-7.06467	0.369690321568808	0.32684	0.34777	0.38633	0.40536	0.31265	0.3795	0.32393	0.43503	0.4098	0.78519	0.10021	25.68234	-8.73947
"add"	9	0.419378037482966	0.110894177225418	0.461469851112412	1.31628812916372	0.46506	0.40947	0.43451	0.53191	0.49402	0.36044	0.47443	0.47309	0.5103	0.49414	0.18599	8.36781	-16.7941	0.374830293379156	0.37079	0.26593	0.33136	0.42008	0.40801	0.30666	0.46778	0.38885	0.41399	0.84543	0.10281	24.96625	-10.90928	0.459556745675086	0.4626	0.35924	0.41498	0.52369	0.50013	0.36605	0.52989	0.47984	0.4996	0.78786	0.12044	20.53374	-8.04971
"add"	9	0.363317000889219	0.00973848177818581	0.582031999164252	0.917554533697236	0.59468	0.6066	0.56939	0.60165	0.58943	0.54716	0.54939	0.597	0.58299	0.62713	0.10845	23.47037	-64.91874	0.301634611170003	0.29381	0.295	0.30559	0.29043	0.29898	0.3159	0.31121	0.29477	0.30904	0.92405	0.04895	45.74626	-57.75643	0.365091618774036	0.36352	0.36842	0.36454	0.3634	0.36486	0.36547	0.36137	0.36475	0.36951	0.99782	0.00828	95.48664	-8.04497
"add"	9	0.230753993743565	0.0845746557461098	0.16428258603802	1.55959328495756	0.15389	0.17495	0.17504	0.12842	0.16537	0.18702	0.18943	0.18021	0.12422	0.76131	0.05814	40.92891	-9.623	0.200730273529735	0.18206	0.20121	0.21728	0.14746	0.19352	0.24567	0.2477	0.21096	0.16073	0.59339	0.07588	33.47096	-17.12669	0.229078080206605	0.21171	0.23719	0.24577	0.17392	0.22595	0.26996	0.27286	0.2461	0.17823	0.72477	0.06243	38.93482	-12.90598
"add"	9	0.0515410149935633	0.0903673896682449	0.0661718364715972	0.657835552956666	0.04535	0.09881	0.02351	0.1355	0.00721	0.05126	0.12044	0.11483	-0.00136	0.23819	0.06587	37.43277	-9.41264	0.0359377915201757	0.02026	0.05136	0.01282	0.07668	0.00198	0.03096	0.07288	0.05656	-7e-05	0.20254	0.06739	36.79254	-9.20743	0.038354474744628	0.02308	0.05549	0.01374	0.08073	0.00299	0.03191	0.07515	0.06243	-0.00033	0.22156	0.06658	37.13054	-9.25788
"add"	9	0.224004610278644	0.00639663741458207	0.513185401495038	0.609527213776089	0.53729	0.53749	0.5011	0.53309	0.52108	0.48813	0.47074	0.52335	0.50639	0.71842	0.05781	41.08825	-67.72777	0.196752655132096	0.19873	0.19527	0.19694	0.1942	0.1986	0.20177	0.19574	0.19213	0.1974	0.96448	0.02053	70.07445	-49.38221	0.223257085806952	0.22851	0.22612	0.22151	0.22477	0.22605	0.22276	0.21596	0.2213	0.22235	0.99785	0.00505	109.32605	-8.42443
"add"	9	0.295844606833998	0.195430281630252	0.212933137605298	1.5427963835377	0.26284	0.30004	0.26506	0.10831	0.25992	0.09523	0.16766	0.24054	0.21679	0.55481	0.15846	12.85313	-9.43826	0.220985569688555	0.30586	0.31185	0.2598	0.10436	0.2721	0.11073	0.16144	0.22957	0.23316	0.35116	0.1913	7.57967	-17.18689	0.268488627941129	0.35449	0.38138	0.32361	0.13159	0.32937	0.12802	0.19879	0.29258	0.27656	0.49744	0.16836	11.15637	-13.10117
"add"	9	0.25197810936952	0.0765112558729015	0.226148654924431	1.25287396358283	0.29337	0.22909	0.18248	0.27646	0.17928	0.17985	0.22237	0.23578	0.23665	0.90484	0.04055	51.01599	-5.18298	0.206134108970385	0.26542	0.19537	0.16521	0.24227	0.16713	0.1669	0.21749	0.21193	0.22348	0.66888	0.07564	33.55979	-26.0827	0.239297555152199	0.31076	0.23421	0.19194	0.28727	0.1923	0.19032	0.24364	0.24815	0.25508	0.83764	0.05296	43.53726	-15.38664
"add"	9	0.26051789354533	0.200292068475392	0.404126891351815	1.01613496527991	0.44616	0.48283	0.45087	0.21105	0.38525	0.23911	0.45689	0.4605	0.50448	0.32532	0.19625	6.8642	-6.69324	0.272090293609772	0.32437	0.31058	0.29268	0.10897	0.24522	0.2292	0.28773	0.26432	0.38576	0.50418	0.16824	11.17657	-14.46683	0.312827526279761	0.36804	0.3628	0.3388	0.13835	0.28426	0.23672	0.33605	0.32288	0.42754	0.50975	0.16729	11.33489	-10.87027
"add"	9	0.237853467511013	0.183815782074817	0.253019885126766	1.00745398730819	0.32566	0.27264	0.28926	0.20652	0.55688	0.1195	0.22259	0.10506	0.17906	0.4668	0.14744	14.87081	-17.10074	0.191198159888598	0.25994	0.20694	0.25476	0.14519	0.43916	0.11058	0.13246	0.098	0.07375	0.27124	0.17237	10.49638	-23.2403	0.213792551320438	0.28788	0.22941	0.27472	0.16645	0.48156	0.11575	0.15534	0.10589	0.10714	0.38102	0.15886	12.78224	-20.61205
"add"	9	0.142740661557764	0.236434173479211	0.123800109941964	1.10340821673795	-0.05363	0.20681	-0.04193	0.11675	-0.14484	0.20864	0.34665	0.20781	0.26795	0.21796	0.19368	7.23336	-16.87756	0.115844232495558	-0.02519	0.17123	-0.00959	0.11541	-0.1161	0.18289	0.30329	0.19519	0.22547	0.16284	0.20039	6.27972	-18.31863	0.122523901895248	-0.03405	0.18872	-0.02343	0.12177	-0.13117	0.20056	0.33	0.20911	0.24121	0.19517	0.19648	6.83124	-17.25457
"add"	9	0.14264403990237	0.208126079814974	0.19440303071373	1.04929078873944	0.24838	0.16477	0.01669	0.34049	0.27729	0.13438	-0.00783	0.31701	0.25844	0.08299	0.24759	0.35695	-10.51325	0.150753820345501	0.13058	0.16912	-0.04083	0.22563	0.28754	0.13656	-0.01665	0.33911	0.12572	0.15224	0.23806	1.45626	-16.6179	0.16390980534516	0.15947	0.16881	-0.01266	0.25218	0.27816	0.13758	-0.01319	0.32857	0.17627	0.22563	0.22752	2.72403	-13.12799
"add"	9	0.315544113051146	0.11477712332271	0.162008622871595	2.11910332859657	0.10958	0.1801	0.15853	0.16113	0.13778	0.11276	0.18485	0.21699	0.19636	0.81641	0.07609	33.39282	-5.45062	0.260933677723271	0.1624	0.27362	0.24083	0.24719	0.2082	0.20238	0.32915	0.3578	0.32685	0.66958	0.10208	25.16514	-19.89846	0.30813061826611	0.20104	0.33504	0.29293	0.30072	0.25467	0.2243	0.36663	0.41873	0.37911	0.79216	0.08096	31.65562	-12.49188
"add"	9	0.472863523522392	0.143821356119588	0.497019034578744	1.34747722504181	0.55009	0.49863	0.52278	0.41218	0.43175	0.58331	0.46441	0.49613	0.5139	0.48903	0.19934	6.42652	-6.33641	0.420953426410176	0.43546	0.36906	0.46603	0.24626	0.30828	0.56295	0.43692	0.46146	0.50216	0.78174	0.13028	18.3354	-13.09396	0.510986759501477	0.54414	0.47612	0.55033	0.34832	0.40391	0.63963	0.50917	0.54942	0.57785	0.76111	0.1363	17.07071	-7.5744
"add"	9	0.0924657435622066	0.242047905223444	0.0877075954470154	1.62009737397784	0.14679	0.06812	0.18663	0.11917	0.00849	0.11445	-0.00838	-0.05302	0.20711	0.22689	0.20897	5.10493	-18.33142	0.1396877127719	0.20435	0.1056	0.37076	0.1807	0.02474	0.1014	0.00427	-0.0945	0.35986	0.08761	0.22702	2.78581	-22.69116	0.137967863765651	0.2186	0.10425	0.32307	0.18184	0.01723	0.14265	-0.00344	-0.08612	0.34362	0.20587	0.2118	4.72931	-19.9078
"add"	9	0.360984913713764	0.192123966116924	0.061176097468464	5.4353651611911	0.08917	0.06524	0.04518	0.06809	0.07459	0.04284	0.09107	0.0667	0.0077	0.62469	0.16676	11.42356	-4.87779	0.26129325722052	0.36838	0.2779	0.17654	0.31116	0.35158	0.17296	0.39424	0.2726	0.02627	0.56514	0.1795	9.36173	-10.26498	0.316538269048011	0.45867	0.33759	0.23001	0.35803	0.39404	0.21826	0.47161	0.34231	0.03831	0.62188	0.16738	11.31913	-5.78195
"add"	9	0.454285687883385	0.224552016588859	0.412720644751148	1.68011720729953	0.25339	0.38394	0.59028	0.52273	0.48041	0.47324	0.37517	0.29448	0.34085	0.31378	0.31526	-6.40839	-7.84474	0.417389644927864	0.28866	0.38211	0.57073	0.49848	0.53839	0.47353	0.48195	0.17992	0.34274	0.69912	0.20876	5.13435	-8.86466	0.522229801987478	0.35178	0.49041	0.71321	0.63784	0.6551	0.58122	0.5561	0.27612	0.4383	0.63858	0.22879	2.56775	-6.39658
"add"	9	0.373050003359094	0.0664919330738485	0.531343515217635	1.01142741949615	0.59073	0.61486	0.46223	0.54728	0.55727	0.5091	0.48959	0.5441	0.46694	0.58936	0.13307	17.74299	-18.62573	0.312091240899628	0.3248	0.34865	0.25419	0.32011	0.35037	0.33253	0.29734	0.29996	0.28087	0.91947	0.05893	40.55056	-13.03323	0.379293256495478	0.40528	0.43353	0.31459	0.39429	0.41848	0.38512	0.35078	0.37401	0.33757	0.92027	0.05863	40.68962	-5.79212
"add"	9	0.200720891624223	0.178025210858323	0.133322849445528	0.748961542993318	0.25884	0.30495	0.28967	0.37009	-0.14239	0.03266	-0.20673	0.42894	-0.13613	0.38595	0.15404	13.64539	-16.10058	0.0879777631520456	0.13912	0.21092	0.16971	0.2132	-0.02054	0.03538	-0.09839	0.19397	-0.05157	0.28896	0.16576	11.59219	-25.21605	0.0915993263849585	0.14759	0.21458	0.18383	0.23007	-0.03805	0.03462	-0.11071	0.22307	-0.0606	0.33058	0.16083	12.43659	-22.63839
"add"	9	0.327755785000045	0.188842193048913	0.42714964021527	1.23601689836508	0.39358	0.45226	0.47571	0.43022	0.31641	0.33858	0.48135	0.48984	0.4664	0.26409	0.23632	1.66183	-7.03789	0.351957957115378	0.24831	0.37649	0.39515	0.27524	0.20213	0.37374	0.47121	0.43205	0.39331	0.49589	0.19559	6.95825	-8.01097	0.412479831657906	0.32137	0.44287	0.46164	0.35992	0.26167	0.39538	0.52409	0.49655	0.44883	0.48636	0.19743	6.69607	-6.62707
"add"	9	0.332698402507231	0.11043766833609	0.151487596465612	2.25335947513033	0.09074	0.16483	0.10876	0.19829	0.19368	0.11411	0.20241	0.16976	0.1208	0.77987	0.08736	29.5253	-9.216	0.259113168501548	0.14861	0.27364	0.16855	0.34207	0.33307	0.21202	0.38133	0.28054	0.19219	0.63247	0.11288	22.34907	-20.28193	0.307374455270554	0.18097	0.33172	0.21097	0.40539	0.39408	0.23897	0.42761	0.33978	0.23688	0.75719	0.09175	28.15214	-11.71238
"add"	9	0.100776409567334	0.00758446741383523	0.386338842734846	0.33203093131505	0.39654	0.40478	0.36308	0.40464	0.40078	0.3705	0.36468	0.4023	0.36974	0.81186	0.02161	68.63573	-18.82675	0.0937037487089406	0.09242	0.09476	0.08746	0.09747	0.09777	0.09577	0.09357	0.09403	0.09008	0.97208	0.00833	95.34696	-7.50071	0.0995443205632731	0.099	0.10157	0.09287	0.10401	0.10384	0.10032	0.09814	0.10067	0.09547	0.97466	0.00793	96.70069	-5.76988
"add"	9	0.0898984132451005	0.165094753785525	0.0999213934996966	0.997251570624224	0.0302	0.19812	0.1251	0.08472	0.19732	0.04915	0.13575	0.15095	-0.07203	0.3254	0.14199	15.9261	-13.04569	0.0840037837617992	0.02937	0.17427	0.06713	0.05017	0.19313	0.05129	0.12546	0.14504	-0.07982	0.26525	0.14818	14.73037	-14.88583	0.0892131787705759	0.02919	0.18338	0.08685	0.06136	0.19246	0.05	0.13013	0.14655	-0.07698	0.30375	0.14425	15.48384	-14.06082
"add"	9	0.288094787485898	0.186662572261412	0.347026836866235	1.235652479202	0.47749	0.2492	0.3307	0.46411	0.48585	0.29658	0.37024	0.23443	0.21464	0.2761	0.25501	-0.47009	-7.66225	0.30923757709335	0.38904	0.19423	0.13007	0.44401	0.58898	0.30468	0.32279	0.21134	0.19799	0.37919	0.23616	1.68058	-13.40228	0.349039234419922	0.46259	0.23159	0.21321	0.47956	0.59153	0.33088	0.3672	0.24039	0.2244	0.43085	0.22612	2.89697	-10.64429
"add"	9	0.24956836134661	0.00270718388492242	0.543345879093704	0.655366781152604	0.56216	0.5668	0.53242	0.56471	0.54746	0.51094	0.51714	0.55742	0.53107	0.68644	0.0674	36.78735	-81.2149	0.217471381154626	0.21661	0.21255	0.21956	0.21112	0.21653	0.22433	0.22456	0.21315	0.21883	0.95545	0.02541	64.10737	-65.38553	0.24975043993555	0.25249	0.25011	0.24953	0.2486	0.24983	0.24945	0.25014	0.24886	0.24875	0.99943	0.00288	125.10674	-7.75146
"add"	9	0.279519811994396	0.162148308940232	0.20791472769005	1.50644689149722	0.21921	0.13088	0.21331	0.21629	0.20322	0.22086	0.28927	0.14714	0.23106	0.42632	0.13825	16.67291	-6.56336	0.228014444371152	0.23529	0.11301	0.25425	0.23002	0.21598	0.24439	0.36253	0.15212	0.24453	0.21965	0.16124	12.36569	-14.39945	0.267414607814772	0.28039	0.14808	0.28822	0.27508	0.25664	0.28394	0.40016	0.18395	0.29028	0.36926	0.14496	15.3455	-8.68665
"add"	9	0.305281395360362	0.103569906554185	0.439757846047489	0.94548485975862	0.40567	0.4478	0.33763	0.49645	0.48851	0.34814	0.34478	0.54448	0.54436	0.59604	0.1193	20.80031	-8.85347	0.266130911601626	0.25	0.2306	0.19369	0.29584	0.29795	0.23297	0.2296	0.34409	0.32044	0.87871	0.06537	37.64363	-9.26747	0.31239106104376	0.29346	0.28741	0.23116	0.35099	0.34864	0.26355	0.25967	0.40095	0.37569	0.84888	0.07297	34.5653	-5.39272
"add"	9	0.363403435912915	0.0249380726017989	0.0455086309903286	8.07901301894842	0.04813	0.04567	0.04729	0.04258	0.04383	0.04669	0.04127	0.04573	0.04839	0.97628	0.0263	63.13622	-4.08231	0.295437527229009	0.30755	0.28554	0.31444	0.26138	0.27988	0.32056	0.27887	0.28982	0.32089	0.84888	0.06639	37.21306	-30.60237	0.356941834754383	0.37691	0.3566	0.37215	0.33146	0.34296	0.3689	0.32522	0.35761	0.38066	0.974	0.02754	61.85126	-5.1934
"add"	9	0.41570579756517	0.0493267357815057	0.528662897725664	1.12959619279202	0.52935	0.576	0.55625	0.56292	0.52067	0.45492	0.51363	0.579	0.46521	0.65025	0.12618	19.23096	-22.32039	0.33790353935383	0.32079	0.34928	0.36322	0.33934	0.32992	0.32698	0.37027	0.34107	0.30027	0.86753	0.07766	32.82271	-21.16406	0.419479342534201	0.40908	0.44725	0.4444	0.43513	0.41204	0.38579	0.4353	0.4377	0.36862	0.95707	0.04421	48.5976	-2.96646
"add"	9	0.355735998309683	0.19980255299015	0.360665745696753	1.19463861349383	0.42095	0.45029	0.4779	0.38208	0.26626	0.27873	0.57502	0.22537	0.16939	0.43202	0.15331	13.77756	-9.91377	0.252866991359388	0.24019	0.28406	0.35796	0.24181	0.16979	0.25219	0.42085	0.15201	0.15694	-0.37535	0.23857	1.39641	-23.47632	0.308605471253594	0.3139	0.36265	0.43202	0.30932	0.20925	0.28455	0.50222	0.18735	0.1762	0.07036	0.19614	6.87972	-15.18815
"add"	9	0.247526675579138	0.100531414849684	0.17057093101441	1.61244043496464	0.19821	0.13951	0.10636	0.15539	0.2003	0.11915	0.22938	0.19519	0.19165	0.60102	0.09728	26.51414	-12.24518	0.214684595835589	0.24157	0.14685	0.11512	0.19447	0.26838	0.16089	0.3026	0.24999	0.2523	0.47658	0.11142	22.71352	-15.05943	0.245411623811427	0.28162	0.18429	0.14186	0.22361	0.29793	0.1771	0.33657	0.28378	0.28194	0.57252	0.1007	25.54813	-12.8297
"add"	9	0.356194534827955	0.11219158367021	0.112592888720459	3.2817808987369	0.12529	0.15761	0.13191	0.11494	0.08715	0.12115	0.10404	0.08464	0.0866	0.67054	0.12567	19.34392	-5.56127	0.282461994309901	0.29187	0.40643	0.35021	0.27963	0.21101	0.32998	0.24748	0.19875	0.2268	0.55861	0.14546	15.2495	-17.44029	0.341153139886659	0.37087	0.48415	0.40743	0.3459	0.26103	0.37664	0.30719	0.25108	0.26609	0.6597	0.12772	18.89076	-8.84695
"add"	9	0.323217503167689	0.0724072750890628	0.489808625114373	0.895269537518528	0.58461	0.52255	0.43815	0.53643	0.50247	0.35678	0.51973	0.47899	0.46857	0.66747	0.09621	26.82423	-16.69066	0.264290510868819	0.32051	0.24673	0.25522	0.27434	0.27804	0.2085	0.28759	0.24729	0.26038	0.87205	0.05968	40.19588	-16.37978	0.313945659040737	0.38173	0.30652	0.29679	0.33394	0.32889	0.23915	0.33297	0.29953	0.30599	0.92691	0.0451	48.03547	-7.19321
"add"	9	0.397431996185333	0.155132790619973	0.39461864777667	1.13051547316473	0.31472	0.54489	0.43656	0.55985	0.35052	0.32745	0.47813	0.22538	0.31408	0.67315	0.12448	19.61053	-26.09757	0.27438359818128	0.21614	0.37646	0.37992	0.35866	0.15964	0.24627	0.3196	0.17212	0.24064	0.16792	0.19861	6.52857	-37.20893	0.328947939381806	0.26486	0.45578	0.42486	0.45208	0.22186	0.28231	0.38076	0.20228	0.27573	0.44387	0.16238	12.16939	-31.57391
"add"	9	0.487624531832989	0.00107628485420719	0.626315710532732	1.17435921964776	0.64521	0.65414	0.6166	0.65429	0.63258	0.58734	0.58694	0.64567	0.61408	0.57961	0.15191	14.0351	-122.61081	0.38258962058699	0.3713	0.3668	0.38997	0.36604	0.37856	0.40568	0.4046	0.37155	0.38881	0.84833	0.09124	28.30772	-124.55634	0.487399622814871	0.48722	0.48829	0.48811	0.48757	0.48694	0.48772	0.48663	0.48755	0.48657	0.99998	0.001	154.78349	-5.34096
"add"	9	0.252906152117066	0.000542447960469872	0.552064078616842	0.657478058733151	0.56765	0.57595	0.54274	0.57592	0.55634	0.52033	0.51969	0.56696	0.543	0.6825	0.06838	36.38652	-123.09135	0.219695503749002	0.21584	0.21469	0.22197	0.21424	0.2179	0.22759	0.22695	0.21597	0.22211	0.94806	0.02765	61.7325	-109.42675	0.252788354155733	0.25251	0.25318	0.25285	0.25276	0.2521	0.25339	0.25275	0.25257	0.25299	0.99998	0.00057	170.61837	-5.95515
