"model"	"n.muts"	"coes"	"sigma"	"u.mean"	"d.hat.max"	"u.hats.A"	"u.hats.B"	"u.hats.C"	"u.hats.D"	"R2.stick"	"sig.stick"	"lnL.stick"	"P.stick"	"s.mean"	"s.hats.A"	"s.hats.B"	"s.hats.C"	"s.hats.D"	"R2.mult"	"sig.mult"	"lnL.mult"	"P.mult"	"w.mean"	"w.hats.A"	"w.hats.B"	"w.hats.C"	"w.hats.D"	"R2.add"	"sig.add"	"lnL.add"	"P.add"
"stick"	4	-0.164406465180218	0.0711321299313568	-0.0900713029162625	2.04355837644946	-0.08886	-0.12359	-0.06997	-0.07786	0.88396	0.08415	11.56246	-3.4552	-0.0106720833536297	-0.01085	-0.01501	-0.00784	-0.00899	0.7752	0.11712	8.25616	-5.379	-0.214320156080336	-0.21722	-0.30086	-0.15829	-0.18091	0.78899	0.11347	8.57263	-5.16024
"stick"	4	-0.0726331152254716	0.121423729287926	-0.0640722386924762	2.04355837644946	-0.07314	-0.05653	-0.07587	-0.05075	-1.1349	0.21066	2.38554	-2.62059	-0.00694347798096581	-0.00808	-0.00641	-0.00806	-0.00522	-1.24654	0.2161	2.1307	-2.28792	-0.140781237694257	-0.16357	-0.12944	-0.16376	-0.10636	-1.23512	0.21555	2.15616	-2.32685
"stick"	4	-0.575284397811629	0.13392870494863	-0.54798606740335	1.09132640133717	-0.4492	-0.53008	-0.56245	-0.65022	0.99692	0.08017	12.04632	-0.30332	-0.0825522509010119	-0.09207	-0.10343	-0.06384	-0.07087	-0.27187	1.63037	-18.07744	-11.86897	-1.49524429083649	-1.62643	-1.84648	-1.18433	-1.32374	-0.00668	1.45047	-16.90827	-12.38073
"stick"	4	-0.83417946184054	0.0506054702564143	-0.816452118541255	1.03795658435031	-0.8402	-0.79763	-0.78623	-0.84176	0.99944	0.07068	13.30716	-1.00587	-0.194688396079269	-0.25443	-0.24726	-0.13744	-0.13962	-1.11455	4.34563	-27.88109	-13.87418	-3.0964022025268	-4.03145	-3.88556	-2.20856	-2.26004	-0.59886	3.77876	-26.48335	-13.17251
"stick"	4	-0.113445102830883	0.18802435399266	-0.0510073424165143	2.33980542988754	-0.07083	-0.03794	-0.15034	0.05508	0.76402	0.12982	7.22691	-2.08448	-0.00628412125461356	-0.00916	-0.00504	-0.0174	0.00646	0.80208	0.11889	8.10649	-1.43968	-0.127359666907676	-0.18474	-0.10139	-0.35482	0.1315	0.7987	0.1199	8.02175	-1.48674
"stick"	4	-0.312769936502446	0.148482395743486	-0.305420093817238	1.11025122435504	-0.28802	-0.32375	-0.24273	-0.36717	0.95144	0.13036	7.1854	-4.08135	-0.030587013717301	-0.03414	-0.03737	-0.02278	-0.02805	0.40077	0.45794	-5.37927	-4.04882	-0.594017669770006	-0.65598	-0.72018	-0.44406	-0.55585	0.48838	0.42314	-4.58895	-3.94852
"stick"	4	-0.254375645448454	0.0534650493646041	-0.154672875617668	2.04355837644946	-0.14128	-0.20307	-0.1582	-0.11613	0.9297	0.10939	8.93916	-4.81461	-0.0207362170582315	-0.02052	-0.02854	-0.01947	-0.01441	0.6368	0.24864	0.72798	-7.04566	-0.40992634152912	-0.4023	-0.56212	-0.38832	-0.28696	0.68076	0.23311	1.37306	-6.99116
"stick"	4	-0.358932327467483	0.0956660237861797	-0.229003388205007	2.04355837644946	-0.2045	-0.25574	-0.21751	-0.23827	0.83245	0.27072	-0.12264	-1.57337	-0.0349405178362784	-0.03566	-0.04297	-0.02983	-0.0313	0.23295	0.57924	-7.72892	-5.19536	-0.677211537884202	-0.68089	-0.82551	-0.58522	-0.61723	0.33053	0.54114	-7.04858	-4.69718
"stick"	4	-0.855733939737547	0.235699190001469	-0.634347160894011	2.04355837644946	-0.71618	-0.70887	-0.61016	-0.50218	0.80673	1.42029	-16.69797	-4.58651	-0.213838453536007	-0.27723	-0.27561	-0.15804	-0.14448	-1.30875	4.90882	-29.09972	-11.43739	-3.34154835730174	-4.31242	-4.27938	-2.52516	-2.24923	-0.78147	4.31199	-27.80338	-14.95322
"stick"	4	-0.113119104807265	0.185784799628891	-0.0182791386628512	2.04355837644946	0.03862	-0.05227	-0.04328	-0.01619	-3.41746	0.25534	0.4621	-3.89901	-0.00181143660064428	0.0047	-0.00599	-0.0044	-0.00156	-3.38989	0.25454	0.4934	-3.44204	-0.037087829530474	0.0941	-0.12074	-0.08976	-0.03194	-3.39162	0.25459	0.49143	-3.48526
"stick"	4	-0.949050709267613	0.233001832559239	-0.815792958349886	1.31837505364946	-0.85274	-0.8411	-0.81122	-0.75811	0.99639	0.23704	1.20599	-0.23819	-0.279350892219689	-0.36228	-0.36001	-0.20037	-0.19476	-1.32927	6.01786	-31.1367	-12.33141	-4.00754062657432	-5.19354	-5.14411	-2.90102	-2.79149	-0.62644	5.02864	-29.34087	-8.38481
"stick"	4	-0.396415246638935	0.24335162632633	-0.141916354236283	3.3872369824781	-0.13611	-0.12565	-0.0863	-0.21961	0.93095	0.18693	3.58104	-2.18983	-0.0320614992584043	-0.03423	-0.03184	-0.0205	-0.04167	0.80075	0.31753	-1.71768	-1.48743	-0.619990091353761	-0.65101	-0.60457	-0.39351	-0.83088	0.84316	0.28172	-0.52085	-1.6157
"stick"	4	-0.861939360445831	0.0241500000120141	-0.849051308967514	1.02927924039488	-0.84997	-0.85025	-0.84849	-0.84749	0.99997	0.01623	28.02211	-0.93137	-0.213668806199582	-0.27614	-0.27619	-0.15111	-0.15124	-1.24795	4.76375	-28.79973	-10.92784	-3.3246121936311	-4.26975	-4.27073	-2.37815	-2.37981	-0.68469	4.12396	-27.35752	-17.70457
"stick"	4	-0.397967859939672	0.170092709711753	-0.250460174640593	2.04355837644946	-0.28457	-0.2847	-0.22634	-0.20623	0.8737	0.29037	-0.82343	-0.05805	-0.0386242678319681	-0.0472	-0.04722	-0.03121	-0.02886	0.4956	0.58028	-7.74697	-1.27034	-0.747435458563563	-0.90736	-0.90776	-0.6108	-0.56382	0.55678	0.54395	-7.10046	-1.06277
"stick"	4	-0.120285891031381	0.0827892266097479	-0.0782903795037529	2.08037356469884	-0.10636	-0.09302	-0.09066	-0.02312	0.85078	0.08439	11.53418	-3.44003	-0.0092062222192496	-0.01267	-0.01114	-0.00996	-0.00305	0.74726	0.10982	8.89942	-4.53696	-0.185365460618416	-0.25493	-0.22396	-0.20182	-0.06074	0.75973	0.10708	9.15242	-4.37002
"stick"	4	-0.212733736389782	0.0495618679560721	-0.123816205641685	2.04355837644946	-0.13081	-0.12699	-0.11931	-0.11815	0.95079	0.07011	13.38762	-4.12792	-0.0158444222751344	-0.01785	-0.01737	-0.01406	-0.0141	0.72722	0.16507	4.82473	-6.7348	-0.315174867936222	-0.35286	-0.34334	-0.28204	-0.28246	0.76057	0.15465	5.47677	-6.56478
"stick"	4	-0.486711201525759	0.205869046912994	-0.470942406580862	1.06123644410394	-0.53463	-0.51433	-0.38094	-0.45386	0.96023	0.20632	2.59401	-1.78338	-0.057281654819111	-0.07495	-0.07274	-0.0415	-0.03993	0.14136	0.95862	-12.76682	-3.64367	-1.07740728317787	-1.40228	-1.35875	-0.78122	-0.76737	0.28242	0.87635	-11.86953	-3.33425
"stick"	4	-0.905854053760413	0.115419286768883	-0.841291502001642	1.13406477867163	-0.82381	-0.8591	-0.79608	-0.88617	0.99797	0.15595	5.3925	-2.99415	-0.241976890172336	-0.30933	-0.31553	-0.16998	-0.17307	-1.38553	5.34679	-29.95434	-9.95186	-3.63006638097557	-4.59278	-4.72493	-2.56039	-2.64217	-0.7277	4.55024	-28.34119	-13.9456
"stick"	4	-0.132232548960019	0.0790879209525883	-0.0795499310363998	2.04355837644946	-0.06818	-0.11685	-0.06714	-0.06604	0.84015	0.07897	12.1971	-1.39333	-0.00928789649417938	-0.00831	-0.0139	-0.00747	-0.00748	0.68512	0.11084	8.80747	-1.82585	-0.186833389285611	-0.16636	-0.27914	-0.15089	-0.15095	0.70374	0.10751	9.11218	-1.78537
"stick"	4	-0.354851941112429	0.0662019261508249	-0.231233272214887	2.04355837644946	-0.26571	-0.25553	-0.20599	-0.19771	0.84131	0.27879	-0.41645	-2.74638	-0.0353071356727592	-0.04358	-0.04212	-0.0279	-0.02763	0.29759	0.58655	-7.85437	-6.37455	-0.684576025720797	-0.83951	-0.81073	-0.54762	-0.54045	0.38226	0.55006	-7.21214	-5.83118
"stick"	4	-0.950641986425035	0.209508555184584	-0.721936864180199	2.04355837644946	-0.85818	-0.81705	-0.55138	-0.66113	0.7519	1.92287	-19.72756	-6.66355	-0.28708802122465	-0.37971	-0.37136	-0.1916	-0.20568	-1.7632	6.41715	-31.77912	-7.74622	-4.14331184005325	-5.55027	-5.36204	-2.68365	-2.97729	-1.099	5.59296	-30.40447	-8.93092
"stick"	4	-0.59584783037426	0.240007339336444	-0.490047836990855	1.33273569253107	-0.50751	-0.5585	-0.38846	-0.50572	0.97281	0.26945	-0.07561	-0.54597	-0.0887120470154822	-0.10931	-0.11693	-0.05836	-0.07025	-0.22113	1.80562	-19.0984	-4.14224	-1.58726205220359	-1.93163	-2.0803	-1.05242	-1.2847	0.04859	1.59378	-17.85048	-3.88112
"stick"	4	-0.498648212070111	0.236082463816274	-0.165179214171369	4.21102618200103	-0.21091	-0.13556	-0.13789	-0.17635	0.9085	0.34863	-2.65199	-0.94162	-0.0535796955144515	-0.07244	-0.05142	-0.0429	-0.04756	0.60034	0.72861	-10.02317	-1.44176	-0.987979762798319	-1.32605	-0.91658	-0.79867	-0.91062	0.72544	0.6039	-8.14598	-1.17086
"stick"	4	-0.420721045241226	0.136151794693433	-0.272127097118034	2.04355837644946	-0.27801	-0.31791	-0.25671	-0.23588	0.87327	0.30537	-1.32723	-2.50209	-0.0447847160554983	-0.05089	-0.05709	-0.03666	-0.03451	0.23179	0.75184	-10.33708	-6.64643	-0.857060860074732	-0.963	-1.08448	-0.71242	-0.66835	0.34151	0.69608	-9.56652	-6.02078
"stick"	4	-0.161055426916573	0.118458434764761	-0.108940675108513	2.07762417567175	-0.17778	-0.11193	-0.10221	-0.04385	0.63843	0.17927	3.99948	-3.54318	-0.0133439616445812	-0.02158	-0.01417	-0.01171	-0.00591	0.40347	0.23026	1.49612	-5.31004	-0.267358360227111	-0.4331	-0.28298	-0.23616	-0.11721	0.43058	0.22497	1.72868	-5.10961
"stick"	4	-0.101616208860651	0.163207487843465	-0.0281378752336303	2.18397839556653	0.00798	-0.03878	-0.08225	0.00049	-0.38625	0.22983	1.51496	-3.37974	-0.00329586498373188	0.00084	-0.00469	-0.00884	-5e-04	-0.25624	0.21878	2.00736	-3.42148	-0.0666940391717908	0.01722	-0.0946	-0.18045	-0.00895	-0.26978	0.21996	1.95373	-3.42373
"stick"	4	-0.155323849245906	0.211767787579447	-0.0523209663539694	2.04355837644946	-0.16467	0.025	-0.04438	-0.02523	0.40697	0.13935	6.51858	-2.08799	-0.0054227425896036	-0.01812	0.00363	-0.00466	-0.00254	0.45743	0.13329	6.96323	-1.9226	-0.110537603380188	-0.36681	0.07136	-0.09482	-0.05188	0.45333	0.13379	6.9256	-1.93889
"stick"	4	-0.995291543402709	0.223491581564303	-0.94211232643175	1.0946801759719	-1.0168	-0.86253	-0.89689	-0.99224	0.99634	0.26162	0.21918	-0.03698	-0.328824310680856	-0.43661	-0.41108	-0.22777	-0.23983	-1.74545	7.16981	-32.88817	-15.20746	-4.48504647294984	-6.09616	-5.48341	-3.06686	-3.29376	-0.93571	6.02034	-31.14082	-8.50726
"stick"	4	-0.0561742721940391	0.0551228233380243	-0.031302864383481	2.04355837644946	-0.06441	-0.00972	-0.01407	-0.03701	0.76127	0.03539	20.22451	-0.65045	-0.00329500353839635	-0.00682	-0.00106	-0.00144	-0.00386	0.72326	0.0381	19.48588	-0.62236	-0.067009031693363	-0.13856	-0.02155	-0.02942	-0.07852	0.72721	0.03783	19.55779	-0.62496
"stick"	4	-0.537802019447554	0.171002206159756	-0.36696020397549	2.04355837644946	-0.49506	-0.34897	-0.2896	-0.33422	0.82528	0.5111	-6.47747	-0.97965	-0.0697133023409618	-0.10077	-0.07573	-0.04921	-0.05315	-0.08499	1.27362	-15.60804	-5.02567	-1.29557406467017	-1.87126	-1.3841	-0.92132	-1.00561	0.08321	1.17075	-14.76583	-4.6431
"stick"	4	-0.451501962647308	0.139158261707053	-0.299964883985977	2.04355837644946	-0.34784	-0.32812	-0.26048	-0.26341	0.86438	0.34465	-2.53719	-1.64518	-0.0524351876317242	-0.06666	-0.0636	-0.03807	-0.04142	0.06086	0.90694	-12.21261	-4.5869	-0.992050161045634	-1.25161	-1.1915	-0.73366	-0.79142	0.20792	0.83291	-11.36114	-4.38627
"stick"	4	-0.251623107318301	0.23764402262168	-0.0828119269326297	3.52371981350293	-0.16113	-0.01599	-0.09265	-0.06149	0.94004	0.11388	8.53685	-0.09474	-0.017004945442289	-0.03366	-0.00382	-0.0182	-0.01235	0.90232	0.14535	6.09657	-0.28778	-0.337631949096865	-0.66702	-0.07381	-0.36371	-0.24598	0.91386	0.13649	6.7255	-0.21549
"stick"	4	-0.313707073847763	0.129409649816807	-0.223081476629143	2.04355837644946	-0.2594	-0.29382	-0.20065	-0.13846	0.60936	0.38849	-3.73462	-4.20543	-0.0331008427743705	-0.0407	-0.04495	-0.02713	-0.01962	-0.08675	0.64798	-8.85045	-5.12769	-0.644645940856808	-0.78856	-0.87421	-0.53303	-0.38278	0.01078	0.61822	-8.38031	-5.09626
"stick"	4	-0.159301182709169	0.121792326215655	-0.0643891374347815	2.51757881590171	-0.07598	-0.0668	-0.06197	-0.0528	0.80808	0.12771	7.39037	-0.56565	-0.00911206192951911	-0.01103	-0.00968	-0.00868	-0.00706	0.79245	0.13281	6.99904	-0.5835	-0.183142254001196	-0.22097	-0.19399	-0.17473	-0.14288	0.79596	0.13168	7.08435	-0.58063
"stick"	4	-0.185351419984363	0.248170475766528	-0.0738135434804628	2.04355837644946	-0.02763	-0.08901	-0.10321	-0.0754	0.04039	0.21735	2.07307	-2.70596	-0.00876675444941402	-0.00351	-0.01168	-0.01099	-0.00889	0.34722	0.17926	3.99952	-2.68449	-0.175937710539595	-0.06997	-0.23217	-0.22317	-0.17844	0.31816	0.18321	3.78172	-2.69001
"stick"	4	-0.260532839852385	0.211056563886814	-0.16788263012041	2.04355837644946	-0.16192	-0.17174	-0.14802	-0.18985	0.69412	0.2154	2.16311	-0.86706	-0.0221234099962721	-0.02331	-0.02462	-0.01749	-0.02307	0.31477	0.3224	-1.86969	-0.65195	-0.438189283917773	-0.45765	-0.48366	-0.35051	-0.46094	0.36608	0.31009	-1.48052	-0.62262
"stick"	4	-0.99024837348843	0.0395759441307746	-0.98259111045862	1.01946289910807	-0.98795	-0.97008	-0.98855	-0.98378	0.99993	0.03471	20.41869	-3.8593	-0.330425708898628	-0.42921	-0.42618	-0.23454	-0.23178	-1.77298	7.12002	-32.8185	-10.78642	-4.50753108054482	-5.89803	-5.82639	-3.17573	-3.12998	-0.97889	6.01477	-31.13157	-19.65462
"stick"	4	-0.751942938554566	0.239123172417749	-0.641296324784005	1.3094676707841	-0.68786	-0.6904	-0.5473	-0.63963	0.9908	0.23676	1.2177	-0.99864	-0.144980913851372	-0.18666	-0.1871	-0.1029	-0.10327	-0.51272	3.03533	-24.29258	-9.20467	-2.43512362958922	-3.11015	-3.11885	-1.7379	-1.77359	-0.14028	2.63531	-22.87941	-6.94216
"stick"	4	-0.612009702029172	0.19660156883765	-0.599080450131635	1.11749927437472	-0.62228	-0.54361	-0.6366	-0.59383	0.98199	0.21477	2.19271	-1.22027	-0.0944337167213268	-0.1225	-0.11088	-0.07391	-0.07044	-0.17988	1.73812	-18.71744	-4.91911	-1.69633784616929	-2.17879	-1.9545	-1.36046	-1.2916	0.06093	1.55064	-17.57603	-4.12707
"stick"	4	-0.852240600122604	0.0472873455146328	-0.83637982027908	1.03145296260143	-0.83163	-0.83397	-0.85575	-0.82417	0.99961	0.06068	14.83147	-2.41321	-0.206531039504119	-0.26622	-0.26661	-0.14738	-0.1459	-1.24121	4.62225	-28.49821	-10.60778	-3.23764214505228	-4.1417	-4.14977	-2.34632	-2.31278	-0.68141	4.00359	-27.06131	-15.47784
"stick"	4	-0.64136972889537	0.094166117196437	-0.440237980506916	2.04355837644946	-0.46608	-0.46915	-0.43702	-0.3887	0.87719	0.60029	-8.08603	-7.79308	-0.101347015060932	-0.12528	-0.12587	-0.07995	-0.07429	-0.47677	2.08167	-20.52108	-9.60528	-1.79934692410318	-2.19157	-2.20304	-1.45871	-1.34407	-0.17613	1.85773	-19.38296	-10.60954
"stick"	4	-0.577797613083385	0.0315518039860763	-0.392434249989497	2.04355837644946	-0.42234	-0.44749	-0.35812	-0.34179	0.88103	0.50676	-6.39218	-8.05642	-0.0827662980355898	-0.10132	-0.10581	-0.06307	-0.06086	-0.25883	1.6484	-18.18746	-10.94072	-1.50416324164196	-1.81835	-1.90593	-1.16788	-1.12449	-0.02287	1.4859	-17.14961	-12.62127
"stick"	4	-0.68752432980109	0.117045075981878	-0.610576154965283	1.20439411098096	-0.59411	-0.55642	-0.63766	-0.65411	0.99459	0.14437	6.16407	-0.42562	-0.117204487562376	-0.14712	-0.14115	-0.089	-0.09156	-0.54203	2.43802	-22.10127	-14.71561	-2.03047093486533	-2.51007	-2.3931	-1.58581	-1.6329	-0.17445	2.1277	-20.73978	-11.71507
"stick"	4	-0.963218138390221	0.0152208430226892	-0.954178452642786	1.0164599710313	-0.95294	-0.9575	-0.94987	-0.9564	0.99998	0.01917	26.35264	-0.8987	-0.29882853785155	-0.38705	-0.38784	-0.20976	-0.21067	-1.65565	6.54407	-31.97498	-10.58215	-4.22431063953528	-5.4781	-5.49581	-2.95326	-2.97007	-0.92372	5.56972	-30.36284	-19.98054
"stick"	4	-0.996356322127394	0.121003999258392	-0.758977108484989	2.04355837644946	-0.8865	-0.86491	-0.60977	-0.67472	0.79508	1.97435	-19.99177	-6.47531	-0.342035333010435	-0.44728	-0.44309	-0.23564	-0.24213	-1.90661	7.43568	-33.25229	-9.81694	-4.63253614297388	-6.15371	-6.05119	-3.08886	-3.23638	-1.13042	6.36591	-31.69895	-14.6702
"stick"	4	-0.713022059237119	0.0331334851216525	-0.509432862857297	2.04355837644946	-0.56657	-0.56432	-0.45535	-0.45149	0.84317	0.86537	-11.74342	-5.24045	-0.132803848974489	-0.1694	-0.16896	-0.09674	-0.0961	-0.76926	2.90658	-23.85917	-13.60289	-2.27545401848886	-2.87319	-2.86447	-1.68815	-1.67601	-0.40237	2.58773	-22.69718	-13.24642
"stick"	4	-0.224415648425929	0.0210589060443453	-0.133279673345807	2.04355837644946	-0.14017	-0.13857	-0.12502	-0.12935	0.9501	0.07667	12.49315	-8.18741	-0.0172957491920818	-0.01946	-0.01926	-0.01495	-0.01551	0.70965	0.18495	3.68754	-10.29625	-0.343409528363788	-0.38387	-0.3798	-0.29944	-0.31053	0.74576	0.17306	4.35151	-10.3897
"stick"	4	-0.471734419767745	0.206076811009552	-0.44563287215593	1.16061653217427	-0.43223	-0.60917	-0.36396	-0.37717	0.96959	0.18728	3.56215	-0.56086	-0.0548266161374611	-0.06067	-0.08222	-0.03693	-0.03948	0.42588	0.81371	-11.12792	-4.32964	-1.03765779398058	-1.13781	-1.55573	-0.70527	-0.75182	0.51929	0.74458	-10.24007	-3.79191
"stick"	4	-0.0542061186512002	0.015853738761507	-0.026015198203041	2.04355837644946	-0.02472	-0.0272	-0.01787	-0.03427	0.89549	0.01873	26.58573	-1.63108	-0.0027357398391793	-0.00265	-0.00291	-0.00186	-0.00352	0.9006	0.01827	26.83619	-1.38562	-0.0556409207879167	-0.0538	-0.05908	-0.03792	-0.07175	0.90046	0.01828	26.82948	-1.40836
"stick"	4	-0.607507614209317	0.0677722145337611	-0.566553704838108	1.10764196498096	-0.54299	-0.60325	-0.55385	-0.56613	0.99677	0.09105	10.77385	-0.67605	-0.0918017961881071	-0.11092	-0.11924	-0.06818	-0.06886	-0.35521	1.8646	-19.41983	-6.89113	-1.64399672493429	-1.95564	-2.11827	-1.24397	-1.25811	-0.07345	1.65948	-18.25445	-6.98513
"mult"	4	-0.606649538478814	0.0614204106386751	-0.722103377019193	2.04355837644946	-0.06771	-0.06241	-1.37847	-1.37983	-17.43717	12.56886	-38.50161	-6.32089	-0.597182737451075	-0.60824	-0.57434	-0.59701	-0.60914	0.99778	0.13798	6.6172	-1.43731	-3.88815456829783	-1.35302	-1.24765	-6.46525	-6.4867	-7.41025	8.48893	-34.57702	-22.41564
"mult"	4	-0.242266880231909	0.059016446233727	-0.565964691842251	2.04355837644946	-0.20448	-0.2078	-0.92438	-0.9272	-2.56495	5.8644	-30.87838	-4.87943	-0.24077636342867	-0.23724	-0.24045	-0.24256	-0.24286	0.99954	0.06678	13.87483	-0.54632	-3.09807678267901	-2.43735	-2.47483	-3.73575	-3.74438	0.44878	2.30599	-21.5445	-13.30832
"mult"	4	-0.309066827327479	0.164149586693384	-0.604230826572885	2.04355837644946	-0.17292	-0.18587	-1.00568	-1.05246	-3.87608	7.49285	-33.32887	-4.95863	-0.299381576763004	-0.28922	-0.30702	-0.2968	-0.30449	0.99483	0.24391	0.92028	-1.23325	-3.40496328655679	-2.39577	-2.56799	-4.23812	-4.41798	-0.07374	3.5161	-25.76291	-12.87177
"mult"	4	-0.452312528947368	0.00684101751539856	-0.679382471412972	2.04355837644946	-0.12419	-0.12388	-1.2357	-1.23376	-7.7445	10.31789	-36.52818	-5.3382	-0.452839255254328	-0.45386	-0.45299	-0.45306	-0.45145	0.99999	0.01069	32.19847	-2.22238	-3.85883920935901	-2.15515	-2.14982	-5.57183	-5.55856	-1.87664	5.91789	-30.96918	-26.68593
"mult"	4	-0.886339540441986	0.104699540068395	-0.779463858173966	2.04355837644946	0.0011	-0.00208	-1.55658	-1.56029	-190.24169	14.9076	-40.2081	-10.59257	-0.447979886515596	0	0	-0.9118	-0.88012	-43.90836	7.22404	-32.96353	-0.85471	-3.88461906929225	0.02466	-0.04681	-7.74073	-7.7756	-110.50916	11.38339	-37.51094	-18.08717
"mult"	4	-0.761665019730572	0.117593451985158	-0.748192273316259	2.04355837644946	-0.02034	-0.0205	-1.46135	-1.49058	-47.60468	14.13133	-39.67333	-7.85844	-0.63070348615076	-0.56201	-0.56617	-0.68771	-0.70692	0.58362	1.30794	-15.87391	-1.0451	-3.78339535033934	-0.43951	-0.44289	-7.02207	-7.22912	-26.04976	10.54206	-36.74312	-17.4177
"mult"	4	-0.354773259500507	0.0268034760956652	-0.638624436952804	2.04355837644946	-0.16495	-0.16426	-1.10963	-1.11565	-4.76375	8.43221	-34.50998	-4.9907	-0.355220117275035	-0.35609	-0.35491	-0.35456	-0.35532	0.99994	0.02809	22.53571	-1.9925	-3.65790233864495	-2.49328	-2.4832	-4.81569	-4.83944	-0.39856	4.15366	-27.42927	-22.18769
"mult"	4	-0.761334658530541	0.155614612915087	-0.744368265635426	2.04355837644946	-0.01401	-0.01698	-1.47787	-1.46862	-52.57309	14.2037	-39.72441	-8.01548	-0.516452821818813	-0.32834	-0.44933	-0.70592	-0.58222	-1.52657	3.08456	-24.45349	-1.19807	-3.7142414442378	-0.30201	-0.36672	-7.13679	-7.05145	-29.61281	10.73692	-36.92627	-16.45057
"mult"	4	-0.599568683782127	0.220158248557709	-0.722754706066514	2.04355837644946	-0.07338	-0.06319	-1.4	-1.35445	-15.62986	12.32616	-38.30663	-6.2054	-0.585781649954727	-0.60556	-0.54235	-0.61524	-0.57997	0.99829	0.1251	7.59697	-0.76524	-3.91577278687022	-1.45464	-1.25315	-6.62715	-6.32815	-6.32061	8.17819	-34.2041	-17.49819
"mult"	4	-0.45295909679262	0.137928892858326	-0.677621759686403	2.04355837644946	-0.12009	-0.12041	-1.25125	-1.21874	-7.47747	10.29905	-36.50991	-5.35691	-0.451231972666189	-0.44765	-0.44859	-0.45821	-0.45048	0.99902	0.11053	8.83504	-1.02051	-3.83765684239828	-2.0941	-2.09966	-5.65944	-5.49742	-1.80652	5.92582	-30.98257	-14.63062
"mult"	4	-0.617245010961778	0.157770459074527	-0.727532727935681	2.04355837644946	-0.0626	-0.06522	-1.39809	-1.38423	-19.13586	12.60989	-38.5342	-6.50702	-0.644490302945142	-0.64703	-0.66078	-0.62877	-0.64138	0.98033	0.39413	-3.87855	-0.4604	-3.92437973071706	-1.26325	-1.31536	-6.59169	-6.52722	-8.16816	8.50878	-34.60037	-15.566
"mult"	4	-0.868442252639215	0.095528865524102	-0.776946061230183	2.04355837644946	-0.00563	-0.01476	-1.53896	-1.54844	-171.20164	14.65015	-40.03389	-10.49535	-0.793072598626855	-0.79961	-0.72098	-0.82197	-0.82974	0.80382	0.49448	-6.14696	-0.94644	-3.93027658276704	-0.12356	-0.32673	-7.59831	-7.6725	-96.14723	11.0037	-37.1717	-20.06186
"mult"	4	-0.826012416428421	0.133338411455043	-0.77671491522681	2.04355837644946	-0.02162	-0.01848	-1.53833	-1.52844	-88.97877	14.46146	-39.90425	-9.25026	-0.425758845916365	0	0	-0.84716	-0.85588	-20.84476	7.1255	-32.82619	-1.1401	-4.00640753769054	-0.47808	-0.40873	-7.60561	-7.53321	-47.65882	10.63464	-36.83055	-17.95687
"mult"	4	-0.848713159561157	0.0341827174415812	-0.771992555702372	2.04355837644946	-0.00958	-0.01005	-1.53326	-1.53508	-129.20463	14.63187	-40.02141	-9.80439	-0.740609789034934	-0.65361	-0.71098	-0.77413	-0.82372	0.59514	0.81591	-11.15483	-1.10901	-3.88937818913328	-0.21184	-0.22208	-7.55331	-7.57028	-72.96545	11.02811	-37.19386	-27.39785
"mult"	4	-0.640008737472817	0.110940472979564	-0.728970013328184	2.04355837644946	-0.05804	-0.05765	-1.40388	-1.39631	-20.72056	12.96521	-38.81208	-6.54042	-0.64657094150948	-0.65373	-0.65091	-0.64478	-0.63687	0.99953	0.06029	14.8971	-1.10789	-3.89450779188488	-1.18234	-1.17439	-6.63674	-6.58457	-9.32198	8.9377	-35.09217	-25.21353
"mult"	4	-0.491582044109236	0.171543594740797	-0.691562469586242	2.04355837644946	-0.11254	-0.11016	-1.30115	-1.24239	-9.45428	10.91756	-37.09311	-5.51754	-0.478341546190265	-0.481	-0.47282	-0.49376	-0.46577	0.99604	0.21252	2.29792	-1.37507	-3.88829336843069	-2.01752	-1.97512	-5.95159	-5.60894	-2.77046	6.55655	-31.99404	-14.95293
"mult"	4	-0.146741511987057	0.0232456388184801	-0.464903728742179	2.04355837644946	-0.2331	-0.23747	-0.70126	-0.68778	-1.12881	3.33001	-25.21914	-5.16241	-0.145590572711653	-0.14408	-0.1464	-0.14695	-0.14493	0.99951	0.05075	16.61962	-1.40835	-2.25541667329826	-1.98496	-2.01951	-2.52898	-2.48822	0.81713	0.97599	-12.94636	-13.656
"mult"	4	-0.59204778020503	0.119932191970292	-0.720260032240979	2.04355837644946	-0.07734	-0.08185	-1.36057	-1.36129	-16.19535	12.38438	-38.35374	-6.1999	-0.615596295525686	-0.62316	-0.6468	-0.59537	-0.59706	0.99227	0.2626	0.18192	-0.36673	-3.95352546567838	-1.51796	-1.60615	-6.34184	-6.34815	-6.43895	8.14563	-34.1642	-15.08517
"mult"	4	-0.559045186941512	0.075874911271967	-0.707137370613778	2.04355837644946	-0.0721	-0.07948	-1.35012	-1.32686	-13.32831	12.03415	-38.06687	-5.9358	-0.531392194744532	-0.49517	-0.5346	-0.56365	-0.53214	0.97953	0.45483	-5.3111	-1.04021	-3.83950543752629	-1.39537	-1.53758	-6.29795	-6.12712	-5.20941	7.92215	-33.88601	-15.42369
"mult"	4	-0.424878411821555	0.156861173920333	-0.681218481773945	2.04355837644946	-0.14533	-0.13807	-1.2426	-1.19887	-6.77169	9.77017	-35.98272	-5.23807	-0.447911877750921	-0.46372	-0.44641	-0.43675	-0.44476	0.98307	0.45599	-5.33663	-1.65125	-3.93451880196266	-2.44214	-2.32302	-5.5618	-5.41112	-1.2198	5.22157	-29.71738	-12.6823
"mult"	4	-0.424787521234248	0.0576303616981022	-0.66867634090193	2.04355837644946	-0.1372	-0.13353	-1.19407	-1.20991	-6.78124	9.84789	-36.06196	-5.22537	-0.427262589019943	-0.43357	-0.42474	-0.42393	-0.42681	0.99984	0.04532	17.7497	-0.7586	-3.81980406045434	-2.30391	-2.24377	-5.3288	-5.40273	-1.38012	5.44651	-30.13913	-18.63264
"mult"	4	-0.620240151300095	0.207355657126755	-0.730683802816969	2.04355837644946	-0.07293	-0.06374	-1.37068	-1.41539	-17.40823	12.72841	-38.62775	-6.33999	-0.710469092798702	-0.77261	-0.72196	-0.61989	-0.72742	0.86522	1.08913	-14.0432	-1.6766	-3.98090773714935	-1.47281	-1.2875	-6.39449	-6.76883	-7.2282	8.50983	-34.6016	-15.60334
"mult"	4	-0.853131845372263	0.217867310508154	-0.769454358347599	2.04355837644946	-0.01276	-0.01464	-1.51971	-1.53071	-136.57153	14.64903	-40.03313	-9.78784	-0.621770931013434	-0.29136	-0.68204	-0.79689	-0.7168	-1.34974	1.9145	-19.68394	-0.82018	-3.89073383363532	-0.27864	-0.32022	-7.43408	-7.53	-76.86826	11.0211	-37.1875	-17.4636
"mult"	4	-0.391447519243229	0.0510476806084625	-0.655703086605354	2.04355837644946	-0.1445	-0.14962	-1.17181	-1.15688	-5.82887	9.21978	-35.4029	-5.10783	-0.390185237504584	-0.38347	-0.39411	-0.39378	-0.38937	0.99978	0.05185	16.40493	-1.42551	-3.74683159477698	-2.3196	-2.39948	-5.17094	-5.09731	-0.90986	4.87582	-29.03227	-20.99795
"mult"	4	-0.499097326828633	0.222889577271417	-0.696814235367973	2.04355837644946	-0.09373	-0.10195	-1.26148	-1.3301	-10.64056	11.18441	-37.33459	-5.66511	-0.484656575384595	-0.45699	-0.48735	-0.48445	-0.50984	0.98854	0.35086	-2.71582	-1.4037	-3.86493831035276	-1.72144	-1.87046	-5.73994	-6.12791	-3.46172	6.92432	-32.53978	-15.6081
"mult"	4	-0.773905478289816	0.000538088788744062	-0.756891456490237	2.04355837644946	-0.02286	-0.02286	-1.49084	-1.49101	-55.80568	14.15705	-39.69151	-8.21908	-0.773688742055111	-0.77359	-0.77366	-0.77362	-0.77389	1	0.00217	48.13531	-0.57411	-3.86744597210676	-0.49561	-0.49569	-7.23861	-7.23988	-30.00189	10.45854	-36.66357	-42.08924
"mult"	4	-0.536266755557153	0.234552652109414	-0.690777847513124	2.04355837644946	-0.06851	-0.09173	-1.27405	-1.32882	-11.87947	11.87179	-37.93104	-5.75605	-0.495248481181364	-0.42672	-0.53171	-0.52589	-0.49667	0.93638	0.83437	-11.37863	-1.70722	-3.74278253687174	-1.30629	-1.74295	-5.84695	-6.07493	-4.62325	7.84442	-33.78741	-13.00427
"mult"	4	-0.393896763748489	0.198874073685147	-0.663404997318105	2.04355837644946	-0.14881	-0.15161	-1.17726	-1.17594	-5.61687	9.29307	-35.48207	-5.08668	-0.419367886089486	-0.42379	-0.4294	-0.41107	-0.41322	0.98449	0.44986	-5.20111	-2.97173	-3.84417687696288	-2.42893	-2.47275	-5.23555	-5.23948	-0.75874	4.79109	-28.85696	-15.38935
"mult"	4	-0.447145435842685	0.23823585541686	-0.677246335451202	2.04355837644946	-0.13311	-0.12633	-1.21789	-1.23166	-7.58843	10.23436	-36.44689	-5.31953	-0.44375433579896	-0.45609	-0.43679	-0.44673	-0.4354	0.99687	0.19525	3.14517	-4.71662	-3.85649807544715	-2.27814	-2.16315	-5.48066	-5.50404	-1.77982	5.82254	-30.80675	-15.38108
"mult"	4	-0.324928469269071	0.196983337344136	-0.631758490653932	2.04355837644946	-0.17173	-0.18563	-1.09872	-1.07096	-4.03643	7.73126	-33.6421	-4.9157	-0.341102939411677	-0.33427	-0.35301	-0.34529	-0.33184	0.98159	0.46741	-5.58389	-3.11841	-3.63891294724529	-2.50448	-2.69211	-4.76021	-4.59885	-0.00745	3.4578	-25.59572	-15.83325
"mult"	4	-0.784073960455135	0.0996473947889172	-0.753180040003954	2.04355837644946	-0.01905	-0.01554	-1.49975	-1.47838	-61.0647	14.26071	-39.76447	-8.29955	-0.62027500220982	-0.59201	-0.48718	-0.68641	-0.7155	0.1998	1.61926	-18.0091	-1.17967	-3.7962068712115	-0.4138	-0.33735	-7.29139	-7.14228	-33.89914	10.69366	-36.88589	-19.64203
"mult"	4	-0.731040872097947	0.20458385994425	-0.754867816417269	2.04355837644946	-0.03331	-0.03238	-1.47219	-1.48159	-39.56379	13.95668	-39.54897	-7.65378	-0.364358984343473	0	0	-0.66973	-0.78771	-10.03643	7.27993	-33.0406	-0.84968	-3.92148782349358	-0.70995	-0.68989	-7.12381	-7.1623	-20.20722	10.09148	-36.3063	-14.84001
"mult"	4	-0.780215060268529	0.14238130254671	-0.75916363506051	2.04355837644946	-0.01815	-0.03136	-1.48574	-1.50141	-59.10606	14.17943	-39.70731	-8.35803	-0.770110047659584	-0.65935	-0.94764	-0.72537	-0.74808	0.91713	0.52649	-6.77421	-0.3899	-3.89783472626316	-0.39422	-0.68149	-7.19784	-7.31779	-31.59335	10.44153	-36.6473	-17.16466
"mult"	4	-0.434680231672246	0.0686258025816642	-0.671856446797198	2.04355837644946	-0.12991	-0.13642	-1.20865	-1.21244	-7.16486	9.98918	-36.20441	-5.27347	-0.428553422742313	-0.42057	-0.43771	-0.42613	-0.4298	0.99829	0.14435	6.1655	-3.83858	-3.82612325116594	-2.19208	-2.30044	-5.39198	-5.41998	-1.56683	5.60086	-30.41858	-16.95858
"mult"	4	-0.146364851039834	0.200200089020655	-0.466819420878726	2.04355837644946	-0.24121	-0.23924	-0.71286	-0.67396	-1.03951	3.33427	-25.23193	-5.20554	-0.146983384359099	-0.14815	-0.14711	-0.14875	-0.14392	0.99874	0.08299	11.70103	-0.8939	-2.27475307333804	-2.04576	-2.03029	-2.56443	-2.45853	0.8347	0.94925	-12.66852	-6.86316
"mult"	4	-0.159984834014904	0.182049448718317	-0.47626037978096	2.04355837644946	-0.23226	-0.21358	-0.73776	-0.72143	-1.28427	3.69441	-26.2576	-5.37003	-0.154780689007623	-0.15679	-0.1457	-0.1618	-0.15484	0.99507	0.17158	4.43789	-1.20438	-2.34859355594367	-2.08822	-1.92995	-2.73802	-2.63818	0.76075	1.19563	-14.97609	-6.99753
"mult"	4	-0.726798677502666	0.141107009258121	-0.741273426758269	2.04355837644946	-0.04101	-0.02356	-1.44888	-1.45164	-37.02118	13.74756	-39.398	-7.45764	-0.653144802228521	-0.73876	-0.50931	-0.69049	-0.67401	0.918	0.63844	-8.7021	-1.94662	-3.81256599774471	-0.86996	-0.50019	-6.93473	-6.94539	-19.26292	10.03607	-36.25125	-18.44238
"mult"	4	-0.415117497358006	0.246780188346747	-0.665486414929252	2.04355837644946	-0.16103	-0.16515	-1.20283	-1.13294	-6.09245	9.51098	-35.71385	-4.99368	-0.421102124018035	-0.4357	-0.44392	-0.41344	-0.39135	0.99375	0.28226	-0.5401	-0.14161	-3.88107129830755	-2.58662	-2.65081	-5.32109	-4.96576	-0.92525	4.95531	-29.19399	-10.72704
"mult"	4	-0.266627240437083	0.173899223795161	-0.577494619216871	2.04355837644946	-0.21999	-0.17191	-0.95895	-0.95913	-3.10138	6.44206	-31.81787	-4.88072	-0.255655674328282	-0.2786	-0.22679	-0.25927	-0.25796	0.99391	0.24832	0.74115	-2.35571	-3.18281690965859	-2.73552	-2.16353	-3.9207	-3.91151	0.23995	2.77319	-23.38938	-13.23599
"mult"	4	-0.691891528095584	0.0730279886047356	-0.740438118493039	2.04355837644946	-0.04342	-0.04566	-1.43978	-1.43289	-30.0486	13.50213	-39.21786	-7.11645	-0.70137435116521	-0.7015	-0.72326	-0.7048	-0.67594	0.99536	0.16504	4.82646	-2.70289	-3.88958939155249	-0.90773	-0.9545	-6.87775	-6.81838	-14.69255	9.59905	-35.80602	-19.57956
"mult"	4	-0.282806615671143	0.058400669018738	-0.599556913256802	2.04355837644946	-0.1993	-0.20135	-1.00689	-0.99069	-3.18206	6.81045	-32.37396	-4.79424	-0.285194130725488	-0.28647	-0.28891	-0.28479	-0.28062	0.99939	0.08192	11.8307	-0.24673	-3.38555429541105	-2.60182	-2.62746	-4.19181	-4.12113	0.26503	2.85507	-23.68034	-13.02576
"mult"	4	-0.479211219784338	0.199564405193087	-0.692750556843248	2.04355837644946	-0.12613	-0.12579	-1.25205	-1.26703	-7.9421	10.62062	-36.81736	-5.39446	-0.515006503160987	-0.53507	-0.53407	-0.49891	-0.49198	0.96139	0.69791	-9.59266	-1.64293	-3.99205599972488	-2.24605	-2.24011	-5.7177	-5.76436	-1.88436	6.03191	-31.16002	-13.60441
"mult"	4	-0.232433485635556	0.12980703136418	-0.56154758424363	2.04355837644946	-0.21875	-0.20749	-0.89205	-0.9279	-2.34143	5.54229	-30.31347	-4.8494	-0.233139594349178	-0.2372	-0.22684	-0.22897	-0.23956	0.99955	0.06398	14.30304	-2.00058	-3.05699819976701	-2.52774	-2.40409	-3.56573	-3.73043	0.54119	2.0537	-20.38584	-16.21997
"mult"	4	-0.647971812682226	0.175512592832092	-0.725310179610327	2.04355837644946	-0.05126	-0.04971	-1.42523	-1.37503	-21.5701	13.19088	-38.98464	-6.56854	-0.633208184450127	-0.63788	-0.62407	-0.65679	-0.61409	0.9875	0.31043	-1.49144	-1.24609	-3.8208180118902	-1.05502	-1.02313	-6.77116	-6.43396	-10.21963	9.30029	-35.48984	-17.39837
"mult"	4	-0.741351878130808	0.246975814632606	-0.753726672257274	2.04355837644946	-0.01871	-0.02981	-1.46571	-1.50067	-40.56304	13.81407	-39.44626	-7.81327	-0.636207444396339	-0.41181	-0.65202	-0.7112	-0.76981	0.76384	1.04129	-13.59395	-1.07703	-3.86733928782704	-0.40806	-0.64656	-7.06831	-7.34643	-21.16015	10.08682	-36.30168	-14.68285
"mult"	4	-0.105856531532481	0.227810852637049	-0.420388352175582	2.04355837644946	-0.29072	-0.21611	-0.61228	-0.56244	-0.34659	2.08007	-20.51338	-4.82627	-0.111873879569185	-0.12726	-0.09931	-0.11557	-0.10536	0.98092	0.24761	0.76954	-0.66147	-1.86585856268254	-1.97961	-1.51641	-2.07511	-1.89231	0.96067	0.3555	-2.84709	-4.35236
"mult"	4	-0.397514407220297	0.109056205605157	-0.654001458600664	2.04355837644946	-0.14232	-0.14901	-1.16419	-1.16049	-6.01403	9.24102	-35.42591	-5.12576	-0.38470008367299	-0.37487	-0.38874	-0.38619	-0.389	0.99711	0.18744	3.55345	-3.03817	-3.72252243149417	-2.28077	-2.38488	-5.11334	-5.1111	-1.00525	4.94106	-29.16519	-20.95712
"mult"	4	-0.300900103745516	0.0859750784584321	-0.610350637109061	2.04355837644946	-0.18312	-0.20365	-1.03031	-1.02433	-3.7131	7.27151	-33.02903	-4.82285	-0.302806357419819	-0.29364	-0.31963	-0.30066	-0.2973	0.99929	0.08904	10.99676	-1.12614	-3.46851803413942	-2.49146	-2.75651	-4.33193	-4.29418	0.07889	3.2146	-24.8664	-12.76742
"mult"	4	-0.810237859957851	0.143402157234959	-0.762490440781423	2.04355837644946	-0.00571	-0.01661	-1.50018	-1.52747	-90.97803	14.4344	-39.88553	-9.09219	-0.535943505350041	0.04252	-0.67719	-0.7817	-0.7274	-1.58837	2.42142	-22.03292	-0.90063	-3.82331511017576	-0.12369	-0.36365	-7.29178	-7.51414	-51.32242	10.88681	-37.0649	-18.74377
"mult"	4	-0.658437388984021	0.121880756807514	-0.730848102370506	2.04355837644946	-0.04384	-0.04522	-1.41619	-1.41814	-23.68839	13.15768	-38.95944	-6.8093	-0.637430595650613	-0.61456	-0.62686	-0.64602	-0.66227	0.98944	0.27208	-0.17278	-0.48146	-3.82800713909162	-0.91059	-0.93923	-6.71819	-6.74402	-11.34203	9.30307	-35.49283	-15.54721
"add"	4	-0.324139596754685	0.0663874482852407	-0.0593806526645406	5.03598743550576	-0.06419	-0.06414	-0.05528	-0.0539	0.95837	0.06418	14.27131	-1.81997	-0.0166638169562093	-0.01867	-0.01865	-0.01466	-0.01468	0.93042	0.08297	11.7031	-1.77901	-0.331110342601784	-0.36824	-0.36795	-0.29477	-0.29347	0.94117	0.07629	12.5423	-1.80346
"add"	4	-0.739073540922254	0.137031460006256	-0.226071070351495	2.04355837644946	-0.21175	-0.2031	-0.19274	-0.2967	0.56203	0.50273	-6.31246	-4.96553	-0.0377044554763193	-0.0425	-0.04087	-0.02776	-0.03969	0.98929	0.07862	12.24164	-2.12584	-0.71847179720946	-0.79408	-0.7633	-0.53778	-0.77872	0.97757	0.11376	8.54728	-2.22346
"add"	4	-0.900587389944121	0.0572964033926837	-0.256224578671633	2.04355837644946	-0.21017	-0.17968	-0.32359	-0.31146	0.41285	0.68612	-9.42229	-7.03758	-0.0462900573212745	-0.04957	-0.04296	-0.047	-0.04563	0.99819	0.03805	19.49872	-0.66269	-0.866711023708317	-0.90005	-0.77752	-0.9086	-0.88068	0.98194	0.12034	7.98469	-1.53982
"add"	4	-0.194320212886669	0.104132361826487	-0.0748467713219025	2.04355837644946	-0.04548	-0.1044	-0.10638	-0.04313	0.62919	0.16453	4.85711	-1.18118	-0.00891912790976757	-0.00562	-0.01331	-0.01203	-0.00472	0.77459	0.12828	7.34607	-1.6859	-0.178987844390108	-0.11242	-0.26528	-0.24267	-0.09558	0.76236	0.13172	7.08175	-1.62571
"add"	4	-0.545014673878904	0.236447532020975	-0.137150760811182	3.31434478696013	-0.17024	-0.14007	-0.12848	-0.10981	0.93783	0.14219	6.31672	-1.17495	-0.0300623167404735	-0.03948	-0.03336	-0.02618	-0.02123	0.78687	0.26326	0.15665	-1.06633	-0.583131168208485	-0.76032	-0.63894	-0.51332	-0.41994	0.83459	0.23193	1.42402	-1.08802
"add"	4	-0.87025863439776	0.239577125874348	-0.130905595272683	5.93275468884047	-0.14349	-0.10313	-0.18291	-0.0941	0.95591	0.20517	2.65002	-2.63491	-0.0512973565762671	-0.06202	-0.04548	-0.06206	-0.03562	0.82565	0.408	-4.22459	-1.07345	-0.96540070796026	-1.14054	-0.83052	-1.21509	-0.67546	0.88733	0.32799	-2.04164	-1.5337
"add"	4	-0.275308211229276	0.0281897924724035	-0.106052152172175	2.04355837644946	-0.09436	-0.09873	-0.11831	-0.11281	0.86279	0.09971	9.86583	-7.10287	-0.0132985685929935	-0.01297	-0.01354	-0.01358	-0.01311	0.99349	0.02171	25.10832	-2.93422	-0.265141358998738	-0.2562	-0.26759	-0.27326	-0.26352	0.98792	0.02959	22.0138	-3.49169
"add"	4	-0.863467687182128	0.0961028116289526	-0.249476206468629	2.04355837644946	-0.20093	-0.16793	-0.32974	-0.2993	0.51568	0.63106	-8.58581	-4.64107	-0.0449621444032141	-0.04731	-0.04031	-0.04776	-0.04448	0.98885	0.09575	10.27073	-1.21851	-0.84253232896144	-0.85941	-0.72908	-0.9244	-0.85725	0.98671	0.10455	9.39119	-0.43899
"add"	4	-0.321731240605004	0.088984297355637	-0.120141562101905	2.04355837644946	-0.12607	-0.11957	-0.15312	-0.0818	0.87984	0.11455	8.47774	-1.17795	-0.0154367467380248	-0.01752	-0.01662	-0.01765	-0.00995	0.92385	0.09119	10.75866	-0.78051	-0.306832358269369	-0.34563	-0.32792	-0.35496	-0.19882	0.92789	0.08874	11.03086	-0.80836
"add"	4	-0.440762354934122	0.23348613048438	-0.193432000760811	2.04355837644946	-0.15117	-0.0819	-0.19767	-0.34299	-0.06943	0.38749	-3.70879	-4.23797	-0.0271806427167286	-0.02676	-0.01481	-0.0246	-0.04256	0.49049	0.26746	-0.00161	-2.93982	-0.532515844174254	-0.51092	-0.28163	-0.48912	-0.84839	0.45316	0.27709	-0.35516	-3.10568
"add"	4	-0.0941876305034385	0.191239483770914	-0.0266224432116821	2.25486916089614	0.04068	-0.08247	-0.0784	0.0137	0.3733	0.16961	4.55313	-1.36713	-0.00310512182757161	0.00558	-0.01035	-0.00879	0.00114	0.44557	0.15953	5.16583	-1.17439	-0.0631283760862614	0.11129	-0.20857	-0.17933	0.0241	0.43867	0.16052	5.10396	-1.19551
"add"	4	-0.536015301360749	0.10461325768847	-0.195837517712695	2.04355837644946	-0.14984	-0.17313	-0.27029	-0.19009	0.84694	0.22454	1.7477	-4.08995	-0.0294839945501705	-0.02709	-0.03094	-0.03343	-0.02647	0.92846	0.15351	5.55024	-4.67411	-0.572074405680502	-0.51512	-0.58944	-0.6654	-0.51833	0.94905	0.12955	7.24754	-4.88563
"add"	4	-0.63278455134714	0.113360342103988	-0.216219104394917	2.04355837644946	-0.12946	-0.23987	-0.25047	-0.24508	0.84208	0.27408	-0.24618	-6.77268	-0.0344158964082934	-0.02567	-0.04478	-0.03421	-0.03301	0.96024	0.13753	6.64943	-1.93664	-0.661631600955187	-0.48036	-0.8476	-0.6704	-0.64817	0.98395	0.08738	11.18559	-1.00028
"add"	4	-0.394674441439565	0.155430760700256	-0.0495011870158044	7.97476810880316	-0.04688	-0.05646	-0.04624	-0.04843	0.97748	0.06436	14.24283	-3.48539	-0.0219020333682998	-0.02159	-0.02586	-0.01988	-0.02028	0.9516	0.09435	10.41781	-3.41821	-0.430881366472018	-0.41985	-0.50371	-0.39433	-0.40564	0.9649	0.08035	12.02454	-3.50816
"add"	4	-0.759798813133966	0.221106440236326	-0.194868673316736	2.04355837644946	-0.18204	-0.11549	-0.28523	-0.19672	-0.32267	0.82485	-11.2639	-11.36757	-0.0316904925618527	-0.03738	-0.02486	-0.03742	-0.0271	0.68264	0.40404	-4.12709	-3.89649	-0.605530865065696	-0.69666	-0.45918	-0.7371	-0.5292	0.57693	0.4665	-5.5645	-4.5409
"add"	4	-0.966925825073849	0.163550075434614	-0.273360590670705	2.04355837644946	-0.23902	-0.22881	-0.31942	-0.3062	0.55888	0.63178	-8.59717	-4.24037	-0.0495700192036753	-0.05453	-0.05228	-0.04604	-0.04544	0.97416	0.15289	5.59066	-0.83773	-0.928398304126697	-0.99528	-0.95379	-0.89037	-0.87416	0.97878	0.13858	6.57356	-1.09695
"add"	4	-0.579790196742397	0.158677200146485	-0.290825570636962	1.58499815110337	-0.24032	-0.31153	-0.2728	-0.33865	0.80618	0.24936	0.69903	-1.79309	-0.0374433085431569	-0.03708	-0.04657	-0.0289	-0.03721	0.36009	0.4531	-5.2729	-0.33126	-0.72406947942496	-0.70516	-0.8904	-0.56962	-0.7311	0.44959	0.42022	-4.51959	-0.35535
"add"	4	-0.22774754940765	0.205593676539138	-0.0510205578337896	3.74990089927579	-0.05677	-0.03511	-0.03249	-0.07972	0.86061	0.11626	8.3298	-1.19386	-0.0105787652929053	-0.01234	-0.00765	-0.00652	-0.01582	0.84388	0.12304	7.76305	-1.36304	-0.211774356443342	-0.24508	-0.15186	-0.13117	-0.31899	0.84908	0.12097	7.93256	-1.33582
"add"	4	-0.0584578885231167	0.0400929819443263	-0.0219897115745885	2.05302708391362	-0.03021	-0.02577	-0.02626	-0.00573	0.62976	0.03712	19.7453	-2.27974	-0.00231457069589822	-0.00321	-0.00274	-0.00267	-0.00064	0.65514	0.03583	20.10041	-2.16363	-0.0470912747639417	-0.06522	-0.05573	-0.05441	-0.013	0.65298	0.03594	20.0692	-2.17449
"add"	4	-0.856487542542163	0.130204931949265	-0.257616385196053	2.04355837644946	-0.19942	-0.21707	-0.30823	-0.30575	0.5577	0.59719	-8.03414	-6.73111	-0.0468305651834684	-0.04682	-0.05036	-0.04415	-0.04599	0.97745	0.13485	6.84673	-3.43924	-0.876495609172254	-0.85023	-0.91692	-0.85505	-0.88378	0.98985	0.09046	10.83942	-3.28266
"add"	4	-0.231015480065253	0.216417108196765	-0.105385430556199	2.04355837644946	-0.07096	-0.01148	-0.11694	-0.22217	0.36215	0.22523	1.71699	-2.37768	-0.0128841930777566	-0.01005	-0.00242	-0.01413	-0.02493	0.52282	0.19481	3.16805	-1.80812	-0.257401198838497	-0.19784	-0.04563	-0.28275	-0.50339	0.51017	0.19737	3.03722	-1.83411
"add"	4	-0.8138735535671	0.0560943963937461	-0.24514775861285	2.04355837644946	-0.18158	-0.2238	-0.26742	-0.30779	0.6025	0.53538	-6.94154	-9.64573	-0.0427275909811821	-0.0401	-0.04859	-0.03864	-0.04358	0.99404	0.06558	14.05539	-3.57231	-0.806923376853668	-0.73658	-0.89594	-0.74823	-0.84694	0.99647	0.05048	16.6725	-1.08204
"add"	4	-0.154625792556908	0.170039073505905	-0.0423650128714583	2.14659879460901	-0.18739	0.06093	-0.04485	0.00185	0.16655	0.28862	-0.76284	-3.46802	-0.0045322754356775	-0.02096	0.00721	-0.00413	-0.00025	0.27936	0.26837	-0.03563	-3.63922	-0.0925009120290229	-0.42568	0.14557	-0.08584	-0.00405	0.26811	0.27046	-0.11309	-3.63112
"add"	4	-0.0681083157076501	0.155722909956239	-0.0660274136352179	2.26313411431967	-0.15932	-0.07652	-0.04917	0.0209	-1.91049	0.31862	-1.75196	-3.2037	-0.00757654344516762	-0.01759	-0.00879	-0.00564	0.00171	-1.66068	0.30464	-1.30327	-3.24755	-0.154192436727431	-0.35945	-0.1788	-0.11476	0.03624	-1.68292	0.30591	-1.34488	-3.24406
"add"	4	-0.694017508474644	0.127210937731434	-0.212448004623611	2.04355837644946	-0.18447	-0.15363	-0.20877	-0.30292	0.63766	0.42189	-4.55921	-6.81266	-0.0341455485037689	-0.03641	-0.0309	-0.0278	-0.04147	0.98239	0.09301	10.5615	-2.07718	-0.654837312776707	-0.68275	-0.57735	-0.54674	-0.8125	0.97717	0.10591	9.26247	-2.05926
"add"	4	-0.0730735082761385	0.247762503277045	-0.0634529095322322	2.33663429914658	-0.0525	-0.23099	0.02855	0.00113	-0.23777	0.29891	-1.11319	-1.68756	-0.00673913716915575	-0.00418	-0.02549	0.00273	-2e-05	0.09007	0.25628	0.4253	-1.63708	-0.138771667293245	-0.08967	-0.52231	0.057	-0.00011	0.06345	0.26001	0.28111	-1.64227
"add"	4	-0.654964399873279	0.129720994154923	-0.219827177458773	2.04355837644946	-0.15223	-0.24166	-0.22844	-0.25698	0.79382	0.31373	-1.5972	-4.2363	-0.0355713768462295	-0.03009	-0.0459	-0.03171	-0.03459	0.96776	0.12405	7.6811	-1.9674	-0.681857218846662	-0.56331	-0.86614	-0.61923	-0.67876	0.9886	0.07376	12.88036	-1.17304
"add"	4	-0.605180899624247	0.191563658241648	-0.22552597964175	2.04355837644946	-0.19814	-0.25559	-0.23056	-0.21782	0.7498	0.31886	-1.75922	-2.02698	-0.0347972283319048	-0.03486	-0.04492	-0.02915	-0.03025	0.85847	0.23981	1.08962	-1.24344	-0.672683223606878	-0.6649	-0.85737	-0.5777	-0.59077	0.87438	0.22593	1.68579	-1.26982
"add"	4	-0.909879450290464	0.070183627482038	-0.262108465236081	2.04355837644946	-0.21178	-0.19744	-0.32293	-0.31628	0.49052	0.65285	-8.92528	-6.71712	-0.0478142852781966	-0.05018	-0.04715	-0.04877	-0.04515	0.98881	0.09677	10.16454	-5.72743	-0.893746380512428	-0.91	-0.85352	-0.93658	-0.87489	0.98913	0.09534	10.3132	-5.7083
"add"	4	-0.709259443555493	0.0906264259247109	-0.216620711765804	2.04355837644946	-0.18718	-0.17719	-0.25689	-0.24522	0.46858	0.53144	-6.86783	-7.26186	-0.0354072213311954	-0.03755	-0.03561	-0.03447	-0.034	0.97161	0.12284	7.77931	-5.36988	-0.676978927181957	-0.70201	-0.66538	-0.67655	-0.66398	0.94484	0.17123	4.45834	-5.77719
"add"	4	-0.384309635357931	0.0570405543548986	-0.131898193973819	2.04355837644946	-0.07703	-0.1178	-0.14457	-0.1882	0.53548	0.25483	0.48221	-6.93494	-0.0177627476004723	-0.01234	-0.01851	-0.01763	-0.02258	0.91574	0.10853	9.0176	-2.30983	-0.350543023790399	-0.23898	-0.35943	-0.35195	-0.45181	0.88607	0.1262	7.5094	-2.84855
"add"	4	-0.826388565986417	0.166484075889457	-0.0850245319102483	8.72331326873638	-0.10103	-0.06284	-0.10063	-0.0756	0.98051	0.11607	8.3463	-1.12249	-0.0459074298581879	-0.05807	-0.03781	-0.04966	-0.03809	0.87703	0.29157	-0.86473	-3.72294	-0.865406273784309	-1.07454	-0.68746	-0.96507	-0.73455	0.93616	0.21008	2.41343	-2.35314
"add"	4	-0.075855829298962	0.153337070369162	0.00244341483359239	5.00326069125123	0.06021	-0.04739	-0.01563	0.01259	-0.922	0.33389	-2.22004	-2.25262	0.000898434914296226	0.01689	-0.0126	-0.00383	0.00313	-0.99173	0.3399	-2.39823	-2.29653	0.016965627949938	0.33545	-0.25315	-0.07824	0.0638	-0.97543	0.3385	-2.35715	-2.28742
"add"	4	-0.655691221542656	0.0817412870237604	-0.207987168979038	2.04355837644946	-0.17571	-0.17722	-0.26563	-0.21339	0.60045	0.42634	-4.6642	-8.32129	-0.0332469098232023	-0.0341	-0.03438	-0.03587	-0.02864	0.99436	0.05067	16.63429	-5.36653	-0.638399561223624	-0.64111	-0.64637	-0.70389	-0.56222	0.98151	0.09171	10.70133	-2.58148
"add"	4	-0.140250227355864	0.181433035468217	-0.0238434453771754	2.04355837644946	-0.09393	0.07162	-0.06392	-0.00915	-1.46684	0.33136	-2.14403	-3.10733	-0.00228457412262728	-0.01142	0.00968	-0.007	-4e-04	-1.43755	0.32939	-2.0843	-2.84305	-0.0470727853212754	-0.22888	0.19174	-0.14175	-0.0094	-1.43848	0.32945	-2.08621	-2.86879
"add"	4	-0.989742360485252	0.0751057378365658	-0.284487324475469	2.04355837644946	-0.23051	-0.23678	-0.33492	-0.33575	0.59795	0.64013	-8.72858	-5.05389	-0.0545521376380626	-0.05744	-0.05879	-0.05168	-0.0503	0.9538	0.217	2.08907	-2.17142	-1.00912678140665	-1.0303	-1.05542	-0.98621	-0.96459	0.9906	0.09789	10.04962	-1.24217
"add"	4	-0.42171456546057	0.236528794339392	-0.164293925610776	2.29233997103841	-0.16653	-0.15646	-0.03542	-0.29875	0.90498	0.1716	4.43677	-5.19242	-0.0253811387915407	-0.02893	-0.02751	-0.00492	-0.04017	0.75287	0.27673	-0.34228	-6.98169	-0.497412769084879	-0.55954	-0.53118	-0.09757	-0.80136	0.79046	0.25482	0.48265	-6.91508
"add"	4	-0.277212171489373	0.194952435616869	-0.142641116327712	2.04355837644946	-0.16867	-0.18303	-0.12411	-0.09475	0.43592	0.26161	0.21949	-0.96372	-0.0172621398762219	-0.02087	-0.02254	-0.01385	-0.01179	0.30781	0.2898	-0.80385	-0.74349	-0.345662924811315	-0.41707	-0.45078	-0.27975	-0.23504	0.32252	0.28671	-0.69644	-0.76702
"add"	4	-0.984634967206512	0.209647855896037	-0.288405580982649	2.04355837644946	-0.25618	-0.29907	-0.33019	-0.26818	0.68979	0.61868	-8.38773	-4.43502	-0.0542959770847279	-0.05848	-0.06769	-0.04693	-0.04408	0.93738	0.27798	-0.38731	-3.07271	-1.01047393481095	-1.06548	-1.23642	-0.90818	-0.83181	0.96513	0.20743	2.54015	-3.86185
"add"	4	-0.171397076488938	0.0194135241908953	-0.0686822414447444	2.04355837644946	-0.05931	-0.05222	-0.08843	-0.07476	0.83236	0.07746	12.39025	-1.15487	-0.00800648217870048	-0.00743	-0.00657	-0.00974	-0.00829	0.93497	0.04825	17.12506	-0.46053	-0.161053382055053	-0.14847	-0.13119	-0.19699	-0.16756	0.92762	0.0509	16.58961	-0.52689
"add"	4	-0.682311455195304	0.0859549979795702	-0.224629204310218	2.04355837644946	-0.22705	-0.13863	-0.25717	-0.27566	0.73483	0.3657	-3.12993	-8.87468	-0.0366641034253316	-0.04484	-0.0287	-0.03549	-0.03763	0.98511	0.08666	11.26831	-3.16887	-0.70125394007136	-0.84091	-0.53332	-0.69386	-0.73693	0.99818	0.03026	21.79112	-0.66918
"add"	4	-0.854240941768512	0.13990469899727	-0.239890088723459	2.04355837644946	-0.14959	-0.19232	-0.30413	-0.31352	0.243	0.73496	-10.10999	-11.9557	-0.0416637097673699	-0.03484	-0.0439	-0.04434	-0.04358	0.95924	0.17053	4.49891	-1.52223	-0.786056563441435	-0.63395	-0.80243	-0.85783	-0.85001	0.91127	0.25162	0.60889	-2.23005
"add"	4	-0.720897505292669	0.18077578721568	-0.0893506694047834	7.55556523119525	-0.09407	-0.09069	-0.08515	-0.0875	0.98948	0.08583	11.36474	-0.26511	-0.0415234184596721	-0.04657	-0.04497	-0.03683	-0.03772	0.91552	0.24319	0.9498	-1.79877	-0.79058272255425	-0.87108	-0.84055	-0.7163	-0.73441	0.95414	0.17917	4.00483	-1.10206
"add"	4	-0.5573869750835	0.0735889716888778	-0.0668939970540957	7.87158757500922	-0.06568	-0.07359	-0.06007	-0.06824	0.98844	0.06449	14.22363	-0.69863	-0.0306261653763202	-0.03167	-0.03536	-0.0261	-0.02937	0.94151	0.14509	6.11492	-2.75699	-0.593386420574096	-0.60449	-0.67576	-0.51361	-0.57969	0.96598	0.11064	8.82543	-1.85744
"add"	4	-0.354567968356423	0.242148283112328	-0.113702415220805	2.04355837644946	-0.00338	-0.07581	-0.15805	-0.21757	0.13206	0.43375	-4.83661	-2.17829	-0.0148211351831277	-0.00142	-0.01179	-0.02197	-0.0241	0.40097	0.36035	-2.98252	-2.41889	-0.293614924176996	-0.02514	-0.22925	-0.43282	-0.48724	0.37514	0.36803	-3.1936	-2.38709
"add"	4	-0.684716114168987	0.245151504408568	-0.0846744728184379	6.99646408929098	-0.06172	-0.10517	-0.10986	-0.06195	0.91192	0.17631	4.16584	-1.14145	-0.0355983642377083	-0.0285	-0.04683	-0.04221	-0.02486	0.82551	0.24814	0.74811	-0.64614	-0.685239150043379	-0.53422	-0.88841	-0.83409	-0.48424	0.86858	0.21535	2.16536	-0.73785
"add"	4	-0.715517463919241	0.204633274523076	-0.184976806430635	3.48181366730388	-0.17196	-0.18563	-0.21962	-0.16269	0.89897	0.2505	0.65351	-1.77101	-0.0461597782026978	-0.04868	-0.05218	-0.04577	-0.03801	0.66176	0.45836	-5.38842	-1.35865	-0.876520005873233	-0.90542	-0.97219	-0.89945	-0.72902	0.74377	0.39894	-3.99993	-1.55095
"add"	4	-0.853435722051654	0.0986213777214289	-0.255494645386173	2.04355837644946	-0.21206	-0.1854	-0.30531	-0.31921	0.6579	0.49253	-6.10729	-5.05451	-0.0440960679695418	-0.04659	-0.04112	-0.04457	-0.0441	0.97436	0.13484	6.84761	-1.72604	-0.833876821382501	-0.85712	-0.75488	-0.86245	-0.86105	0.98697	0.09612	10.2325	-2.06536
"add"	4	-0.345905275526457	0.226032184786163	-0.109509729886122	2.04355837644946	-0.01929	-0.07849	-0.19158	-0.14869	0.54131	0.18066	3.92199	-4.1561	-0.0135077116381469	-0.00334	-0.0114	-0.02215	-0.01714	0.76572	0.12911	7.28129	-1.62488	-0.269604273461266	-0.06421	-0.22369	-0.44563	-0.34489	0.74789	0.13394	6.91454	-1.85356
"add"	4	-0.692014019086491	0.0999882707837969	-0.218105033086394	2.04355837644946	-0.17703	-0.20426	-0.21088	-0.28024	0.67662	0.38833	-3.7304	-4.06744	-0.03569105671345	-0.03541	-0.04023	-0.02963	-0.03749	0.98337	0.08806	11.10817	-0.89814	-0.68247556750921	-0.66206	-0.75447	-0.57712	-0.73625	0.99093	0.06504	14.13881	-0.93089
