"model"	"n.muts"	"coes"	"sigma"	"u.mean"	"d.hat.MLE"	"u.hats.mut.1"	"u.hats.mut.2"	"u.hats.mut.3"	"u.hats.mut.4"	"R2.stick"	"sig.stick"	"lnL.stick"	"P.stick"	"s.mean"	"s.hats.mut.1"	"s.hats.mut.2"	"s.hats.mut.3"	"s.hats.mut.4"	"R2.mult"	"sig.mult"	"lnL.mult"	"P.mult"	"w.mean"	"w.hats.mut.1"	"w.hats.mut.2"	"w.hats.mut.3"	"w.hats.mut.4"	"R2.add"	"sig.add"	"lnL.add"	"P.add"
"stick"	4	0.39871066766791	0.0137093735975213	0.393340659490781	1.0107502114452	0.39357	0.38037	0.39308	0.40634	0.995	0.01143	49.83634	-1.07401	0.174250597848252	0.17363	0.17026	0.17407	0.17904	-0.94809	0.22578	2.10801	-43.33378	0.226168932052453	0.22554	0.22029	0.22599	0.23285	-0.01633	0.16308	7.3132	-49.0963
"stick"	4	0.0577743402915075	0.235177561582532	0.00411427487408123	5.8446716147694	0.00554	0.02233	0.00239	-0.01381	0.08963	0.18622	5.19019	-12.51974	0.0271405210188726	0.00412	0.16784	0.03525	-0.09866	0.04536	0.1907	4.81025	-16.35409	0.0242492176818844	0.02951	0.13396	0.01582	-0.08229	0.08919	0.18627	5.18626	-13.05921
"stick"	4	0.178512267512269	0.0379458923707716	0.241775136087884	0.823210633386547	0.22817	0.26664	0.23982	0.23247	0.92361	0.0318	33.46974	-1.37986	0.118497552724369	0.1111	0.13156	0.12153	0.1098	0.38138	0.09049	16.73662	-17.44508	0.140619011469862	0.13169	0.15617	0.14274	0.13188	0.66079	0.06701	21.54362	-11.14919
"stick"	4	0.462109506758861	0.0398579661850818	0.492018291575778	0.961236224261759	0.56305	0.38616	0.45998	0.55889	0.92051	0.04411	28.23463	-3.86672	0.176685358929647	0.19514	0.14765	0.17552	0.18844	-2.69815	0.30086	-2.4851	-40.81537	0.232024092018873	0.25792	0.19263	0.22868	0.24886	-1.21752	0.23297	1.60645	-34.06299
"stick"	4	0.264769383950625	0.015496016596444	0.246914889955784	1.0615780732462	0.25565	0.24549	0.24942	0.2371	0.99433	0.0114	49.88577	-1.80029	0.150625813887972	0.15593	0.1491	0.15294	0.14453	0.39965	0.11734	12.58025	-44.23828	0.186388676466893	0.19303	0.18456	0.18913	0.17883	0.74886	0.07589	19.55219	-32.96065
"stick"	4	0.340526663581841	0.107518072123639	0.210704592890993	1.25696113102168	0.24891	0.18769	0.20977	0.19645	0.85623	0.06609	21.76375	-3.10912	0.158157179623264	0.19681	0.12562	0.15665	0.15355	0.42093	0.13265	10.61801	-14.01916	0.197375111432109	0.24121	0.16374	0.19615	0.1884	0.69976	0.09551	15.87272	-9.11354
"stick"	4	0.123504485364538	0.0809417526470497	0.275058771290036	0.625188668176814	0.2202	0.33785	0.31715	0.22504	0.4616	0.07128	20.55615	-4.25587	0.0971737592079958	0.07141	0.12462	0.10855	0.08411	-0.58823	0.12242	11.90197	-16.76217	0.11277583186949	0.08388	0.14379	0.12709	0.09635	-0.22037	0.10731	14.00972	-13.02297
"stick"	4	0.159060446009971	0.210989754355978	0.255284763883568	0.806255869745471	0.33399	0.38833	0.01557	0.28326	0.39462	0.17812	5.90177	-9.83083	0.133706589958427	0.13661	0.18116	0.05067	0.16638	0.54628	0.1542	8.20878	-7.76648	0.154727672397369	0.16674	0.21497	0.05114	0.18605	0.53682	0.1558	8.04373	-7.92284
"stick"	4	0.12009977567941	0.183882268785965	0.0519173428362714	1.6759130664512	0.02494	0.12021	0.00515	0.05737	0.05603	0.19631	4.34567	-19.2972	0.0704961467730736	0.06689	0.15933	-0.00372	0.05949	0.0082	0.20123	3.95028	-15.68794	0.0792124667866386	0.05538	0.17956	0.00244	0.07946	0.04515	0.19744	4.25399	-17.71909
"stick"	4	0.497736686654389	0.211791546316817	0.337914410152657	1.07265926368077	0.56387	0.20502	0.35646	0.22631	-0.42296	0.29366	-2.09752	-6.56859	0.155798997178861	0.19038	0.15117	0.07097	0.21068	-2.52894	0.46245	-9.36356	-24.86967	0.197906933757444	0.25531	0.17605	0.09844	0.26183	-1.80335	0.41217	-7.5221	-21.21052
"stick"	4	0.361435369239189	0.00331172702135518	0.360815240937972	1.00125483122974	0.36026	0.36058	0.36002	0.36241	0.99966	0.00294	71.56006	-5.82892	0.168973794174471	0.16978	0.16919	0.1678	0.16912	-0.5006	0.19552	4.41017	-44.61556	0.216867726347238	0.21759	0.21705	0.21555	0.21728	0.2522	0.13802	9.98211	-84.62159
"stick"	4	0.324147302552592	0.248722746386193	0.131516771145061	1.84793272415368	0.08984	0.09945	0.10581	0.23096	0.50178	0.17934	5.79298	-10.32565	0.161761348333206	0.08583	0.16639	0.09747	0.29736	0.28454	0.21491	2.8979	-11.82032	0.200317390411261	0.11708	0.18459	0.13804	0.36156	0.43984	0.19016	4.8555	-11.33144
"stick"	4	0.363425896270201	0.229657506220974	0.223863619349894	1.46641211012495	0.24267	0.03473	0.31907	0.29898	0.39045	0.25476	0.1757	-16.44689	0.191753748790972	0.14397	0.12136	0.24955	0.25214	-0.10073	0.34235	-4.55234	-15.81152	0.246987565514407	0.21465	0.12477	0.32542	0.32312	0.19544	0.29269	-2.04483	-16.60604
"stick"	4	0.432871481485199	0.198384488059673	0.318480862149566	1.24727423829619	0.37436	0.17405	0.54674	0.17878	0.46596	0.20974	3.28702	-7.1071	0.185867817737386	0.21029	0.09437	0.33211	0.1067	-0.23997	0.3196	-3.45189	-12.45193	0.243574167155538	0.2812	0.11584	0.43904	0.13822	0.12843	0.26795	-0.63154	-9.6588
"stick"	4	0.0641778283868916	0.198147440562025	0.0424110055500767	2.74004368351991	0.03146	0.02283	0.01831	0.09705	0.53012	0.13314	10.55921	-8.46814	0.100398500010076	0.06607	0.0621	0.02424	0.24918	0.50685	0.13639	10.17264	-11.50994	0.11059553012697	0.07897	0.06262	0.04095	0.25983	0.52758	0.13349	10.51608	-9.41217
"stick"	4	0.268606390606146	0.139491000969429	0.20379654950296	1.05300496756802	0.29038	0.12655	0.20953	0.18873	0.20429	0.15481	8.14625	-7.23771	0.124601780063905	0.16672	0.13517	0.10037	0.09615	-0.65543	0.22329	2.28556	-15.95204	0.15101736320168	0.20521	0.15102	0.1283	0.11954	-0.27633	0.19606	4.36613	-14.82282
"stick"	4	0.117666032677516	0.0440623153117485	0.0526392686582435	2.17030429109454	0.05871	0.05469	0.05246	0.04469	0.88858	0.03548	31.71957	-1.4257	0.0942052481220884	0.10528	0.09907	0.09311	0.07936	0.90822	0.0322	33.27144	-3.53635	0.106580021683059	0.11894	0.11122	0.10582	0.09033	0.9055	0.03267	33.03771	-1.82278
"stick"	4	0.288648267602548	0.025259365036618	0.326826310194599	0.917950429045035	0.32193	0.35142	0.29002	0.34394	0.98678	0.01711	43.38227	-2.26384	0.152546203351752	0.14878	0.1635	0.13208	0.16582	-0.04221	0.15195	8.44459	-44.48685	0.190078924969086	0.18551	0.20442	0.16494	0.20544	0.47418	0.10793	13.91765	-33.89286
"stick"	4	0.294844424817711	0.034682844649069	0.263181913821202	1.1248373594987	0.28418	0.22499	0.26852	0.27504	0.94466	0.03689	31.09445	-3.48578	0.160071651104672	0.17439	0.14297	0.15922	0.16371	0.09081	0.14953	8.70152	-21.06866	0.202620459687314	0.22049	0.17891	0.20282	0.20827	0.58569	0.10094	14.98899	-14.81954
"stick"	4	0.232673508452717	0.216726689133793	0.0809645337416233	1.70121432607097	0.19831	-0.02572	0.04503	0.10625	0.59331	0.15151	8.49072	-9.96595	0.117310887420058	0.29529	-0.01068	0.0286	0.15603	0.55237	0.15895	7.72342	-11.49403	0.12852113831197	0.31517	-0.02215	0.05323	0.16784	0.58363	0.1533	8.30264	-10.43466
"stick"	4	0.0608358593424782	0.0502225131494924	0.102109959841156	0.663854405827182	0.16574	0.09247	0.02932	0.1209	0.63679	0.04865	26.66763	-2.03387	0.0569056489556415	0.09481	0.04967	0.01548	0.06766	0.7169	0.04295	28.66104	-3.99858	0.0604650800471445	0.09988	0.05338	0.01683	0.07177	0.69497	0.04458	28.06405	-3.28661
"stick"	4	0.191820191289298	0.108190329861827	0.066454332456367	2.3847695799151	0.08524	0.05835	0.03745	0.08478	0.74684	0.07721	19.27664	-9.03696	0.122856085702683	0.16155	0.08953	0.07811	0.16223	0.66024	0.08945	16.92294	-12.04396	0.14473905897865	0.18727	0.11936	0.08537	0.18696	0.73485	0.07902	18.90643	-10.15075
"stick"	4	0.131632792798337	0.0368278549867682	0.159538419504419	0.854927201897943	0.17395	0.15614	0.13837	0.16971	0.90161	0.03095	33.90125	-6.66332	0.0958731555666281	0.10307	0.10025	0.07601	0.10416	0.70072	0.05399	25.00144	-12.53355	0.109443486349902	0.1182	0.11212	0.08938	0.11808	0.81806	0.04209	28.98302	-9.43082
"stick"	4	0.497072145587299	0.0987627963186242	0.49023985818853	1.06995157838082	0.4499	0.47642	0.51502	0.51962	0.47849	0.1078	13.93693	-4.95211	0.170757799568557	0.14428	0.17756	0.17149	0.1897	-5.68898	0.38606	-6.47494	-33.00471	0.226402482806974	0.19015	0.23294	0.23068	0.25184	-3.5541	0.31855	-3.39949	-21.04698
"stick"	4	0.1621559301042	0.12477133073844	0.167788877461753	0.894411983258363	0.24194	0.12332	0.09726	0.20863	0.71164	0.07781	19.15284	-10.40735	0.107922880417115	0.17362	0.05195	0.05932	0.14681	0.57153	0.09485	15.98476	-15.69065	0.12188520445139	0.18929	0.06989	0.0677	0.16066	0.65289	0.08537	17.66923	-13.63561
"stick"	4	0.454379965225235	0.235956995980814	0.320476919857848	1.28568086927047	0.30262	0.52936	0.30097	0.14896	0.54966	0.18815	5.02523	-5.84775	0.196412953920728	0.23429	0.33176	0.09995	0.11965	-0.38645	0.33013	-3.97084	-17.64098	0.256328961072639	0.29205	0.43438	0.15819	0.1407	0.08734	0.26785	-0.62574	-13.83734
"stick"	4	0.220263237156905	0.050943968410138	0.300539664267344	0.752405743494925	0.3812	0.26448	0.30617	0.2503	0.83261	0.05194	25.62023	-4.32156	0.124266859638472	0.15152	0.10954	0.11884	0.11716	0.08814	0.12122	12.05879	-16.51992	0.148623543913281	0.1838	0.12964	0.14377	0.13728	0.43451	0.09546	15.88114	-12.22996
"stick"	4	0.162433087790851	0.132957197492942	0.282522427146365	0.638507611894731	0.1083	0.34751	0.46917	0.20511	-0.49749	0.14042	9.70694	-9.04346	0.0946075180641088	0.04773	0.12093	0.12775	0.08201	-2.07179	0.20111	3.9592	-19.15788	0.111225985369257	0.05242	0.14241	0.15595	0.09413	-1.58028	0.18432	5.35409	-15.95999
"stick"	4	0.15313100325875	0.200099293666426	0.168152744747656	1.14888646172932	0.13897	-0.13654	0.33695	0.33322	0.28399	0.24496	0.80329	-6.99726	0.1275008588762	0.04516	-0.05623	0.24335	0.27772	0.59733	0.1837	5.40789	-5.58466	0.148460391557544	0.06931	-0.07443	0.2922	0.30677	0.53668	0.19705	4.28546	-4.87878
"stick"	4	0.476260583777912	0.110446914681233	0.286387465299471	1.38362682451811	0.34405	0.2916	0.26184	0.24805	0.86951	0.07964	18.78049	-2.74124	0.197072443004481	0.2271	0.20512	0.19212	0.16395	-0.07443	0.22853	1.91438	-19.5896	0.262487197522028	0.30899	0.26979	0.25126	0.2199	0.49607	0.15651	7.97133	-11.90969
"stick"	4	0.478570347221103	0.167694727366325	0.248085041163191	1.34628432549136	0.2223	0.19138	0.35489	0.22377	0.07613	0.18348	5.42761	-7.54545	0.168210774124506	0.13857	0.17514	0.22968	0.12946	-2.09689	0.33592	-4.24901	-19.47909	0.220528739967039	0.18046	0.22095	0.30733	0.17337	-1.08586	0.27569	-1.08728	-14.54737
"stick"	4	0.330745324038435	0.0573247503489256	0.366066740252034	0.927246873187039	0.24362	0.35687	0.50247	0.36131	0.85376	0.0594	23.47182	-4.20577	0.157851592429456	0.11981	0.16042	0.21082	0.14036	-0.71967	0.2037	3.75448	-25.29065	0.199884343112968	0.14795	0.20104	0.27136	0.17919	0.01339	0.15429	8.19935	-19.2517
"stick"	4	0.453367221879307	0.0219206584151834	0.462274382247278	0.989428747690354	0.47843	0.45657	0.46788	0.44622	0.98865	0.01654	43.93307	-1.44028	0.178657263632446	0.18352	0.1741	0.18207	0.17493	-2.13806	0.27492	-1.04247	-39.0442	0.235018342876843	0.24175	0.2296	0.23926	0.22946	-0.76062	0.20592	3.58106	-48.64554
"stick"	4	0.289444672665559	0.117309330205899	0.240976317833895	1.11982938034961	0.26839	0.2671	0.12308	0.30533	0.61415	0.13208	10.68692	-10.07056	0.155401047831923	0.20332	0.14703	0.08335	0.1879	0.21364	0.18855	4.99127	-11.61866	0.19222519107023	0.24171	0.19127	0.09847	0.23745	0.44099	0.15897	7.72118	-9.1761
"stick"	4	0.244597211736254	0.176620734622702	0.111582473032559	2.18452073294449	0.14754	0.11784	0.11133	0.06962	0.66029	0.14127	9.61065	-5.10224	0.167518989775359	0.22565	0.17373	0.18429	0.08641	0.52444	0.16714	6.91957	-8.88948	0.20922474073172	0.279	0.21905	0.21908	0.11976	0.63454	0.14652	9.02607	-6.42008
"stick"	4	0.213971067441162	0.13531403633533	0.19532562968505	1.09040736001691	0.28089	0.16714	0.14021	0.19307	0.60318	0.10572	14.24765	-6.13052	0.131136114899673	0.17784	0.11697	0.10793	0.12181	0.25176	0.14518	9.17372	-9.50421	0.159180575310514	0.221	0.14101	0.12558	0.14913	0.46092	0.12323	11.79657	-7.49297
"stick"	4	0.347268077952322	0.195396162685938	0.272170882491689	1.16223787596851	0.32049	0.43325	0.03823	0.29671	0.69648	0.12716	11.29339	-5.78868	0.174451580007824	0.17845	0.28894	0.06792	0.16249	0.09867	0.21914	2.5859	-15.64651	0.219252255778663	0.23024	0.35941	0.07664	0.21072	0.41628	0.17635	6.06155	-12.63582
"stick"	4	0.352234573930036	0.247421949636191	0.211418173691592	1.24037582955042	0.09896	0.27119	0.08965	0.38587	0.49192	0.22182	2.39135	-8.76848	0.172558974771493	0.14689	0.23829	-0.02268	0.32773	0.27853	0.26433	-0.41381	-15.56558	0.199580867880182	0.14003	0.26144	0.02627	0.37058	0.40638	0.23976	1.14661	-14.70039
"stick"	4	0.12014504885301	0.229331646871287	0.171905504383113	0.831790610347126	0.30336	0.10882	0.01426	0.26118	0.16961	0.21427	2.94552	-19.54636	0.0766643578368099	0.16622	0.04167	-0.00306	0.10182	-0.09396	0.24593	0.74019	-11.02642	0.089093462171976	0.18606	0.05746	-0.00589	0.11874	-0.0043	0.23564	1.42434	-12.66956
"stick"	4	0.111282603838481	0.199155195965432	0.244149476488843	0.572260905710573	-0.05071	0.4464	0.27745	0.30346	0.36201	0.15115	8.52819	-13.46352	0.0858727649661183	-0.01352	0.15603	0.05871	0.14227	0.03971	0.18545	5.25686	-13.53928	0.0952831032264818	-0.01444	0.17338	0.06784	0.15435	0.12782	0.17673	6.02683	-13.75569
"stick"	4	0.269007546186913	0.0157754407264292	0.278396027669691	0.967253855415769	0.26311	0.28962	0.27353	0.28732	0.99499	0.01026	51.57132	-2.72368	0.147847902460781	0.14029	0.15343	0.14548	0.15219	0.23994	0.12637	11.39306	-45.83594	0.182686129292787	0.1732	0.18981	0.1796	0.18813	0.65044	0.0857	17.60678	-37.52403
"stick"	4	0.346282535768114	0.0121020085643977	0.337850961491058	1.02376461133554	0.32821	0.33514	0.3492	0.33886	0.99289	0.01331	47.40473	-1.70272	0.167038659625435	0.16285	0.16525	0.17515	0.16491	-0.36015	0.18408	5.37525	-36.22325	0.213800530082426	0.2079	0.21157	0.22398	0.21175	0.33994	0.12823	11.1594	-41.89757
"stick"	4	0.0791308528976515	0.0861391855869442	0.131449928627872	0.570657798436124	0.26165	-0.02246	0.02004	0.26657	0.83768	0.04089	29.44585	-4.85064	0.0631915551231769	0.12423	-0.00213	0.00411	0.12656	0.79864	0.04555	27.72181	-8.22903	0.0664773572063271	0.13085	-0.00387	0.0056	0.13333	0.81683	0.04344	28.47897	-7.1186
"stick"	4	0.381686001096386	0.144951813213993	0.224535258083427	1.61495849864058	0.2604	0.22299	0.18392	0.23083	0.67851	0.1484	8.82253	-7.75219	0.198681968195745	0.26608	0.19375	0.15915	0.17574	0.14493	0.24202	0.99679	-12.0876	0.263436561086247	0.34085	0.25733	0.20897	0.24659	0.50071	0.18494	5.30069	-9.26711
"stick"	4	0.407660680101253	0.0256731534027494	0.419013015442887	0.972735013116913	0.40817	0.4142	0.41199	0.44169	0.96034	0.03156	33.59094	-2.393	0.172848526430304	0.17909	0.169	0.16707	0.17623	-1.25074	0.23774	1.28217	-35.91832	0.224354537863889	0.23084	0.21925	0.21696	0.23037	-0.22912	0.17569	6.12187	-33.06279
"stick"	4	0.0815047486918047	0.163404039107263	0.172691114949758	0.629772971117296	0.21015	0.05037	0.11278	0.31747	0.0501	0.16704	6.92943	-8.38974	0.081768027680802	0.06186	0.0773	0.03513	0.15279	0.26446	0.14699	8.97546	-10.09646	0.0877081252294766	0.07887	0.06885	0.04011	0.16301	0.24779	0.14865	8.79608	-9.88311
"stick"	4	0.183157349459361	0.129915102850646	0.248492394379807	0.719653852524221	0.44833	0.16952	0.22254	0.15357	0.43868	0.129	11.06423	-11.2182	0.109118395284569	0.20571	0.02344	0.13637	0.07095	0.00438	0.1718	6.47965	-16.17368	0.125379634709369	0.23414	0.03747	0.1485	0.08142	0.18003	0.15591	8.0325	-15.05215
"stick"	4	0.267657524487004	0.146829365286976	0.231893453013445	1.14550134223407	0.21547	0.07216	0.31232	0.32763	0.12818	0.15606	8.01759	-8.53583	0.140495470989976	0.10991	0.09621	0.16942	0.18644	-1.11071	0.24282	0.94401	-13.73978	0.177799088922289	0.14161	0.1078	0.22128	0.24051	-0.48416	0.20361	3.76139	-11.37959
"stick"	4	0.24052915351931	0.125710470718332	0.148317411764196	1.66019645646255	0.14993	0.18185	0.16425	0.09724	0.75945	0.10915	13.73679	-7.21718	0.165553770741287	0.15487	0.22091	0.18347	0.10297	0.5933	0.14193	9.53573	-10.46314	0.203860730673685	0.20001	0.26164	0.22533	0.12846	0.71756	0.11828	12.45272	-8.53418
"stick"	4	0.380157795012929	0.066434912267141	0.306140087096123	1.16764046167693	0.25362	0.31296	0.3366	0.32138	0.90152	0.06167	22.87252	-3.67715	0.180704575606642	0.15227	0.17998	0.19269	0.19787	0.01191	0.19534	4.42549	-23.92711	0.233899786282741	0.19703	0.23405	0.25124	0.25329	0.51802	0.13643	10.16839	-14.67803
"mult"	4	0.204050741274841	0.203878413653001	0.0772816341904601	4.26567456440578	0.02449	0.13936	0.07074	0.07454	0.66528	0.21237	3.08748	-3.06954	0.219066008701261	0.07138	0.4269	0.16825	0.20973	0.64287	0.21937	2.56903	-6.58303	0.294493487854207	0.09221	0.54653	0.25702	0.28222	0.68953	0.20454	3.68903	-3.76933
"mult"	4	0.280910740944091	0.0032447671983391	0.321648051405169	1.95450618582259	0.3205	0.32196	0.32113	0.323	0.2395	0.35573	-5.16573	-37.16838	0.280954136590846	0.27899	0.28179	0.28037	0.28267	0.99996	0.00252	74.00896	-5.04185	0.401430390274387	0.39914	0.40221	0.40068	0.40369	0.88648	0.13744	10.04993	-81.97634
"mult"	4	0.198795067437459	0.0126997424522415	0.308416450073347	1.27969387066154	0.30959	0.31293	0.3061	0.30504	0.38671	0.20273	3.83072	-33.41074	0.200284469369355	0.19945	0.20513	0.19965	0.1969	0.99779	0.01218	48.83051	-1.61168	0.258558073693971	0.25863	0.26384	0.25708	0.25467	0.92105	0.07274	20.23074	-30.04273
"mult"	4	0.362886304443236	0.0414691977202892	0.323916370656071	2.84426777583173	0.31246	0.32642	0.3254	0.33139	0.02086	0.61512	-13.92796	-36.11875	0.370196872364309	0.34484	0.38124	0.36137	0.39334	0.99193	0.05583	24.46299	-3.53714	0.582147884094797	0.54899	0.59362	0.5781	0.60789	0.7871	0.28683	-1.72125	-35.31197
"mult"	4	0.188444403465837	0.199661822000053	0.0595891391007723	3.69118726973268	0.11167	0.04756	0.05387	0.02525	0.54249	0.18596	5.21278	-5.51322	0.158868641676905	0.32517	0.13455	0.11687	0.05888	0.45413	0.20312	3.80016	-8.72953	0.199052076566456	0.38564	0.16072	0.1705	0.07935	0.53218	0.18804	5.03455	-6.26382
"mult"	4	0.232087701221462	0.247015096188989	0.291466738463209	1.7493463176929	0.36165	0.09869	0.34161	0.36393	0.14326	0.39515	-6.84724	-6.86549	0.257544841488833	0.26485	0.13069	0.30614	0.32849	0.77104	0.20428	3.70954	-3.52808	0.346073395219303	0.38891	0.17662	0.3938	0.42495	0.63924	0.25642	0.07213	-2.53435
"mult"	4	0.149891062092502	0.20181996235624	0.23635682828271	1.17673843539748	0.31129	0.26219	0.08279	0.28917	0.08131	0.26616	-0.5247	-2.5104	0.150207320698847	0.24107	0.15028	0.01532	0.19415	0.66386	0.161	7.51863	-3.67171	0.182158156263673	0.27498	0.1947	0.02374	0.23521	0.57771	0.18046	5.69329	-2.66246
"mult"	4	0.290769531682599	0.145130544959102	0.336801775676932	2.04168437132278	0.35161	0.32266	0.39068	0.28225	0.34973	0.3853	-6.44333	-12.4304	0.310302403287948	0.33833	0.32959	0.3955	0.17778	0.91455	0.13967	9.7923	-8.85107	0.441777399698958	0.47017	0.44606	0.54309	0.30779	0.85813	0.17997	5.73673	-2.79403
"mult"	4	0.385019942268264	0.0436437544994988	0.325307384545806	3.09747830026144	0.32273	0.32791	0.33408	0.3165	0.01366	0.6677	-15.24038	-36.76674	0.390957943948321	0.37743	0.39137	0.42461	0.37042	0.99656	0.03941	30.03635	-6.35478	0.633325087942311	0.62037	0.63682	0.66896	0.60715	0.79517	0.30428	-2.66586	-43.47684
"mult"	4	0.482517580827698	0.227671193017159	0.310494789904859	4.76191699086021	0.28971	0.32271	0.31701	0.31255	-0.47509	1.29979	-25.89827	-36.76915	0.503261618067078	0.44092	0.59366	0.4732	0.50527	0.937	0.26861	-0.67122	-9.08535	0.91325945895677	0.81905	0.99741	0.91807	0.91851	0.54086	0.72516	-16.56131	-33.45202
"mult"	4	0.203631293342914	0.124177724530455	0.265352326008769	1.4925348471533	0.26897	0.24238	0.28971	0.26035	-0.00693	0.2913	-1.96858	-4.84921	0.192612824862254	0.19792	0.18515	0.21242	0.17496	0.82477	0.12152	12.02012	-1.75269	0.252398969464343	0.25671	0.23371	0.28109	0.23808	0.7007	0.15882	7.73723	-2.22164
"mult"	4	0.304844540101476	0.0159633050207049	0.324539358480976	2.16287372532274	0.32635	0.32816	0.3212	0.32245	0.20376	0.40461	-7.2256	-37.63399	0.302887723647636	0.30688	0.30377	0.29912	0.30178	0.99873	0.01619	44.2737	-2.60661	0.445493660028887	0.44954	0.44931	0.44036	0.44276	0.87782	0.15849	7.76987	-40.2652
"mult"	4	0.234335992101114	0.232980763074011	0.0330505420305315	8.78534193965214	0.03965	0.03421	0.0517	0.00664	0.7277	0.18758	5.07355	-5.36536	0.220195829211465	0.26132	0.23586	0.36787	0.01573	0.6533	0.21166	3.14126	-11.3745	0.278826018972052	0.33427	0.28987	0.44076	0.0504	0.72598	0.18817	5.02331	-5.97426
"mult"	4	0.481739099626429	0.103703488712199	0.33689281462699	4.18469371242621	0.31718	0.36022	0.34458	0.3256	-0.01178	0.94532	-20.80333	-39.4285	0.486545352156567	0.4325	0.5398	0.49849	0.47539	0.99199	0.0841	17.90929	-6.13526	0.878385903436557	0.80076	0.967	0.90331	0.84247	0.78413	0.43665	-8.44514	-28.07597
"mult"	4	0.107811133132782	0.18105976015795	0.263020102932301	0.847017937495266	0.19799	0.36554	0.23974	0.24881	0.12128	0.25345	0.25843	-8.39027	0.151064505395604	0.0404	0.26653	0.21201	0.08532	0.31367	0.22399	2.23524	-8.00558	0.166452184061659	0.07494	0.26565	0.21146	0.11376	0.35052	0.2179	2.67672	-7.66836
"mult"	4	0.126894654543139	0.0598852912662551	0.0870581432843396	1.90402608783488	0.08371	0.09254	0.06769	0.10429	0.79603	0.07194	20.40786	-3.42666	0.127055513293628	0.13098	0.13167	0.08673	0.15884	0.87514	0.05629	24.33422	-7.78292	0.148361409009845	0.14668	0.15618	0.10969	0.1809	0.84862	0.06198	22.79315	-4.90046
"mult"	4	0.439772950706538	0.178108297288418	0.318274855833926	3.96828289654699	0.29781	0.30473	0.31723	0.35333	-0.10612	0.90201	-20.05297	-20.63517	0.450509886544743	0.38054	0.44781	0.40174	0.57195	0.96838	0.15251	8.38558	-3.39783	0.783573254907084	0.70238	0.75066	0.74939	0.93186	0.74418	0.43379	-8.33978	-13.95846
"mult"	4	0.253180922113825	0.0174583846819587	0.316555801034185	1.70901394100779	0.31995	0.31338	0.3179	0.315	0.30586	0.28815	-1.79453	-32.33658	0.250683839498278	0.25266	0.24662	0.25179	0.25166	0.998	0.01547	44.99739	-2.06716	0.346827192756792	0.35024	0.34191	0.34841	0.34675	0.91415	0.10134	14.92589	-39.72262
"mult"	4	0.394792260788381	0.229848019138444	0.3456943999863	3.11770515574043	0.27833	0.33725	0.37663	0.39056	0.00627	0.76987	-17.51841	-15.00456	0.416140403070698	0.35503	0.41526	0.42877	0.4655	0.90328	0.24018	1.11853	-3.38094	0.67621088810166	0.55479	0.65704	0.72411	0.7689	0.70633	0.41851	-7.76628	-3.71379
"mult"	4	0.44191462964518	0.115775701298844	0.319700343264688	3.93525179031927	0.30211	0.31744	0.34389	0.31536	-0.10407	0.88233	-19.69993	-26.85639	0.445034729260524	0.39858	0.46104	0.49493	0.42559	0.98704	0.09558	15.86225	-2.32861	0.779606294940225	0.71676	0.783	0.86315	0.75552	0.76073	0.41074	-7.46645	-22.59756
"mult"	4	0.103129862528294	0.135774990252685	0.0796812242865619	1.12448133590126	-0.0614	0.16746	0.11605	0.09661	0.66038	0.07314	20.14288	-6.12153	0.0755661101645485	-0.03551	0.15245	0.09984	0.08549	0.61212	0.07816	19.08002	-7.618	0.0819890100352744	-0.04738	0.1679	0.11241	0.09502	0.64393	0.07489	19.76453	-6.50681
"mult"	4	0.325175008329097	0.11526760662673	0.334715929785644	2.47884723796568	0.33805	0.34513	0.34147	0.31421	0.20536	0.47259	-9.71059	-31.72012	0.338835309355103	0.32736	0.36482	0.36014	0.30302	0.98181	0.07151	20.50463	-4.53219	0.521709420692638	0.51687	0.55196	0.54323	0.47478	0.87839	0.18487	5.30625	-15.33378
"mult"	4	0.172734632343054	0.0430467802798375	0.313049332451281	1.05742201613703	0.29644	0.33277	0.31468	0.30831	0.40234	0.16726	6.90811	-22.7266	0.173926342308458	0.15507	0.19477	0.17061	0.17525	0.97537	0.03396	32.41943	-2.27698	0.217648197517297	0.19792	0.24011	0.21554	0.21702	0.90803	0.06561	21.88026	-5.79044
"mult"	4	0.45137784924591	0.213817333045881	0.333023252550982	3.76036512839328	0.34771	0.31937	0.3334	0.33161	-0.04248	0.86654	-19.41104	-25.05459	0.451114361561269	0.45741	0.46492	0.41527	0.46687	0.96424	0.16049	7.56948	-5.69009	0.781881245307711	0.81577	0.76535	0.76145	0.78495	0.74844	0.42567	-8.03753	-13.88653
"mult"	4	0.211321701027919	0.031485537183471	0.303650426828476	1.40416855449212	0.30308	0.29964	0.30476	0.30712	0.26736	0.24076	1.08002	-32.29452	0.211207956587665	0.21082	0.20595	0.21044	0.21762	0.99158	0.02581	36.81066	-9.88901	0.277563371317637	0.27697	0.27165	0.27773	0.2839	0.88167	0.09676	15.66582	-32.67667
"mult"	4	0.32948699753033	0.0801889431313612	0.316187213202977	2.54087294485607	0.28943	0.33936	0.31921	0.31675	0.01004	0.52384	-11.35785	-21.8286	0.326776936946187	0.29188	0.36364	0.32467	0.32693	0.96895	0.09278	16.33757	-1.38153	0.503008519514757	0.44922	0.5549	0.50278	0.50514	0.79808	0.23658	1.36037	-11.86934
"mult"	4	0.469622110703494	0.168040533841122	0.324512749426331	3.92206342342624	0.34608	0.32585	0.34366	0.28247	0.0501	0.79271	-17.98625	-15.45378	0.436805643638773	0.47909	0.40642	0.48985	0.37187	0.90304	0.25327	0.26987	-3.12212	0.78017581706021	0.85261	0.75711	0.85049	0.66048	0.82564	0.33963	-4.42455	-7.34821
"mult"	4	0.058226957404986	0.0712359392200597	0.188528989197401	0.51437647608031	0.17606	0.21377	0.18314	0.18114	0.33837	0.08479	17.77858	-4.23314	0.0683324170899222	0.07034	0.08268	0.05688	0.06343	0.50945	0.07301	20.17201	-8.21552	0.0743900021981629	0.0746	0.08838	0.06518	0.0694	0.48867	0.07454	19.84009	-7.12988
"mult"	4	0.18678086589789	0.140006863803137	0.0372597258438125	6.39509931348947	0.03377	0.03784	0.0392	0.03823	0.75979	0.10903	13.75445	-3.84246	0.17587881644361	0.16096	0.17126	0.18232	0.18898	0.65018	0.13158	10.74704	-6.5809	0.225959862033248	0.20511	0.22766	0.23694	0.23413	0.75603	0.10989	13.63001	-4.07387
"mult"	4	0.436154838604853	0.0917207484017126	0.330999590879746	3.53181383252063	0.32988	0.33617	0.33629	0.32166	0.05641	0.74292	-16.94827	-32.91048	0.428506913871353	0.40874	0.43157	0.4574	0.41632	0.99165	0.06988	20.87333	-6.32638	0.729863452186203	0.71662	0.74092	0.7572	0.70471	0.82513	0.31982	-3.46291	-29.55011
"mult"	4	0.162276277889032	0.204119575035293	0.0524218509034453	4.22178903136885	0.06542	0.0165	0.03891	0.08886	0.54035	0.19333	4.59056	-2.74217	0.164509587620734	0.23063	0.03742	0.0881	0.3019	0.61911	0.17599	6.09424	-5.35913	0.204381218279225	0.26314	0.05806	0.14112	0.35521	0.58093	0.1846	5.33004	-3.30224
"mult"	4	0.174262426875066	0.24554150539916	0.200253265752902	0.970880169596389	0.21354	-0.02606	0.16887	0.44466	0.06943	0.23485	1.47761	-13.1619	0.120726696069607	0.09962	0.0322	0.12741	0.22367	-0.32075	0.27979	-1.32365	-14.22914	0.144395507418626	0.12656	0.02992	0.14481	0.27629	-0.1298	0.25878	-0.07438	-13.42683
"mult"	4	0.251027050963603	0.139283191121649	0.295707373780715	1.80194584408517	0.28502	0.29654	0.30637	0.29489	0.18456	0.32063	-3.50339	-6.58001	0.242952593322974	0.17448	0.26076	0.28882	0.24775	0.81343	0.15336	8.29595	-7.87618	0.33686331484796	0.28484	0.34944	0.3764	0.33677	0.7801	0.1665	6.98099	-3.88229
"mult"	4	0.0825230065966025	0.220462185447104	0.0168496573005079	4.49292881113412	-7e-04	0.00503	0.06957	-0.0065	0.43302	0.16922	6.7214	-14.92538	0.0826462484577725	0.02518	-0.00914	0.3171	-0.00256	0.3869	0.17597	6.09573	-15.68794	0.0770706619914125	0.00274	0.01761	0.31143	-0.0235	0.43159	0.16944	6.70119	-15.33875
"mult"	4	0.165564949449617	0.027280191949103	0.302098290092122	1.01789138676498	0.31658	0.29319	0.28011	0.31851	0.52047	0.13746	10.04809	-25.67299	0.164368708312226	0.1699	0.15787	0.15248	0.17722	0.99081	0.01903	41.68341	-5.31315	0.203549838522523	0.21162	0.19602	0.18822	0.21834	0.95817	0.0406	29.56152	-12.04612
"mult"	4	0.196657512080856	0.0389876102562994	0.311337261484717	1.27010631352079	0.30215	0.34071	0.29071	0.31177	0.38252	0.20039	4.01648	-25.91225	0.198537919761955	0.18255	0.22291	0.1889	0.19979	0.98505	0.03118	33.78233	-3.55126	0.257178772620005	0.24137	0.2869	0.24206	0.25839	0.91982	0.07221	20.34734	-11.99208
"mult"	4	0.491173533361871	0.183235680800863	0.316474896499614	4.49404702750396	0.33445	0.32776	0.30345	0.30024	-0.24832	1.08399	-22.99337	-23.57805	0.478581196848648	0.58276	0.49559	0.4285	0.40748	0.96601	0.17886	5.83537	-2.70717	0.87546300495284	0.98754	0.91806	0.80837	0.78789	0.68601	0.54365	-11.95182	-16.27172
"mult"	4	0.376689794205595	0.120625279843807	0.332610670668202	2.92379813417306	0.32339	0.32165	0.32717	0.35822	-0.00343	0.68171	-15.57272	-23.52406	0.390769671310438	0.35571	0.38656	0.38823	0.43258	0.95428	0.14551	9.13711	-1.52134	0.617041289739484	0.58024	0.60786	0.60093	0.67913	0.73281	0.35177	-4.9868	-9.09654
"mult"	4	0.0569189065136015	0.104795191553421	0.0428978581997335	1.23402734358359	0.06587	0.08209	0.01478	0.00885	0.30246	0.0958	15.82424	-7.06552	0.0449414248483785	0.07814	0.09687	0.00537	-0.00063	0.31307	0.09507	15.94677	-10.89556	0.048623158519922	0.07888	0.09819	0.0121	0.00533	0.31358	0.09504	15.95278	-8.57101
"mult"	4	0.399406085570808	0.211393704928923	0.347362973929508	2.88646379086051	0.39365	0.34206	0.30535	0.34839	0.27843	0.5842	-13.10276	-15.10576	0.404041251838812	0.51965	0.41763	0.29788	0.381	0.93475	0.17568	6.12275	-8.55873	0.63687879048608	0.76964	0.63541	0.52041	0.62205	0.84743	0.26863	-0.67227	-1.27619
"mult"	4	0.331125770346262	0.171973881544545	0.316776153531174	2.4722568789176	0.30766	0.34869	0.30995	0.30081	0.05427	0.4983	-10.55812	-18.07927	0.321744714440168	0.3141	0.38864	0.28028	0.30396	0.95462	0.10915	13.73734	-2.14353	0.491072296833871	0.47648	0.57299	0.45558	0.45924	0.80826	0.22437	2.20832	-8.77119
"mult"	4	0.0752397895674221	0.0901475033606403	0.173508390905759	0.490829773382945	0.22781	0.13723	-0.02242	0.35141	0.31117	0.08414	17.90108	-7.87802	0.0598759609286815	0.05924	0.05365	0.00471	0.12191	0.12172	0.09501	15.95731	-11.32755	0.0650612167555802	0.06825	0.05678	0.00296	0.13225	0.18755	0.09138	16.5806	-10.46956
"mult"	4	0.126994843117427	0.248004314780701	0.201441454038697	0.854793281662597	0.07711	0.3821	0.28182	0.06474	-0.04324	0.20162	3.91918	-9.27244	0.0974641751834863	0.01172	0.19197	0.10444	0.08173	-0.47268	0.23955	1.16118	-16.35583	0.115701487557682	0.01955	0.22321	0.13797	0.08209	-0.28858	0.22407	2.22953	-13.69614
"mult"	4	0.33563900149893	0.2272984161973	0.372473185688742	2.49066009842459	0.2753	0.46743	0.3856	0.36156	0.00625	0.70421	-16.09217	-10.85259	0.397784239550896	0.30097	0.63126	0.40832	0.25058	0.78128	0.33038	-3.98265	-5.24314	0.588968963246255	0.45257	0.83079	0.59595	0.47657	0.63065	0.42932	-8.17433	-2.08618
"mult"	4	0.155692949460354	0.155209737073164	0.0346697891829838	6.7147020592284	0.02901	0.0189	0.04443	0.04634	0.47289	0.21636	2.79009	-0.86633	0.191359196322325	0.15728	0.07527	0.25702	0.27586	0.55835	0.19804	4.20529	-4.20966	0.225053555246001	0.18743	0.11855	0.29021	0.30403	0.49666	0.21142	3.1592	-1.28908
"mult"	4	0.466665233427193	0.174401509575546	0.331713780699307	4.12682151718531	0.32714	0.32567	0.33155	0.34249	-0.06034	0.95815	-21.01908	-28.06082	0.480729626303785	0.50061	0.44748	0.45995	0.51488	0.98044	0.13014	10.92339	-2.47212	0.854875549226752	0.85828	0.81267	0.84809	0.90047	0.74793	0.46717	-9.52607	-16.724
"mult"	4	0.231418360886164	0.0363812636933289	0.332785591653821	1.47503341996522	0.33091	0.35728	0.32518	0.31778	0.34249	0.25831	-0.0453	-37.73711	0.235144059189901	0.23071	0.26245	0.22332	0.22409	0.98864	0.03395	32.42298	-1.58634	0.316140626289174	0.3116	0.34874	0.30389	0.30033	0.90369	0.09886	15.32187	-9.14273
"mult"	4	0.374404436873738	0.000100775621831417	0.325571131288521	2.92503571064149	0.32557	0.32555	0.3256	0.32557	0.06395	0.60531	-13.67078	-37.37889	0.37441077387613	0.37442	0.37437	0.37448	0.37438	1	9e-05	127.3325	-2.00706	0.598489039586581	0.5985	0.59843	0.59857	0.59846	0.82496	0.26175	-0.25747	-179.81054
"mult"	4	0.441606283735018	0.0966186694568023	0.330539739871908	3.80430335764201	0.3279	0.34467	0.32788	0.32171	-0.08923	0.89186	-19.87182	-33.39981	0.454385662143882	0.42076	0.51895	0.46505	0.41278	0.98165	0.11576	12.79608	-3.13805	0.786365725322699	0.764	0.85347	0.78671	0.74127	0.73425	0.44053	-8.58649	-20.02759
"mult"	4	0.402152796054725	0.00749410915886983	0.32569046674704	3.25538658095926	0.32517	0.3276	0.32613	0.32386	0.01305	0.69554	-15.89398	-37.47207	0.402106091330787	0.4004	0.40719	0.40309	0.39774	0.99996	0.00437	65.23999	-2.57093	0.663964707451339	0.66177	0.67042	0.66544	0.65824	0.80487	0.30927	-2.92653	-86.2242
"add"	4	0.448536866973154	0.044136970769614	0.355582522065482	2.06467965841682	0.34487	0.34316	0.37451	0.35979	0.60732	0.25963	-0.12734	-27.60801	0.302295971827866	0.2909	0.28826	0.32503	0.30498	0.7948	0.18769	5.06474	-24.2981	0.453303584305467	0.43798	0.43359	0.48343	0.45821	0.99394	0.03224	33.24933	-1.07399
"add"	4	0.387465174030513	3.26563604176044e-05	0.343039207478253	1.80484669973754	0.34304	0.34304	0.34304	0.34304	0.62106	0.21835	2.64318	-30.749	0.269975128337749	0.26998	0.26997	0.26998	0.26997	0.84809	0.13825	9.95625	-37.46254	0.387460925442125	0.38747	0.38746	0.38747	0.38745	1	2e-05	149.40186	-2.88043
"add"	4	0.239958402595948	0.175110701064114	0.0895054819817881	2.85256703901658	0.11183	0.02505	0.11189	0.10925	0.70758	0.14063	9.68286	-5.54524	0.18067927304177	0.24102	0.04971	0.21629	0.21569	0.59561	0.16538	7.08942	-9.13675	0.22697612679	0.29062	0.06413	0.27898	0.27418	0.6925	0.14421	9.28074	-6.77864
"add"	4	0.0841779189766385	0.002358092518989	0.249595183989837	0.472724922787852	0.25622	0.24787	0.25002	0.24426	0.80713	0.03404	32.3815	-32.67445	0.0761187745273003	0.0788	0.0756	0.07627	0.0738	0.9895	0.00794	55.66694	-21.10349	0.0842446220672211	0.08708	0.08365	0.08441	0.08184	0.99917	0.00223	75.98543	-3.50571
"add"	4	0.19940022387309	0.013689729210455	0.0224746249488706	9.09712675059455	0.02326	0.0225	0.02183	0.02231	0.99286	0.01527	45.20323	-4.98544	0.159938521535278	0.16559	0.16122	0.15313	0.15981	0.9178	0.05182	25.65555	-18.31208	0.198362140031672	0.20533	0.19873	0.1923	0.19708	0.99181	0.01636	44.10159	-5.06282
"add"	4	0.274330889538396	0.240490718104411	0.153166320041358	1.95848765530016	0.08697	0.14893	0.20758	0.16918	0.57729	0.19652	4.32911	-7.00509	0.19094693685422	0.09265	0.19576	0.27382	0.20155	0.42041	0.23011	1.80416	-11.17407	0.243603922819768	0.13257	0.24145	0.33886	0.26153	0.53892	0.20524	3.63411	-8.72716
"add"	4	0.32110526880715	0.181222395098303	0.278722873852105	1.68853186299776	0.35972	0.22342	0.21965	0.3121	0.70292	0.20267	3.83571	-4.0561	0.251093443414891	0.32443	0.22448	0.16408	0.29138	0.79689	0.16758	6.87777	-10.15992	0.33515946344602	0.43302	0.28964	0.23878	0.3792	0.85221	0.14295	9.42143	-5.96171
"add"	4	0.46940986540867	0.086363650218118	0.0908678676954048	5.81697011509008	0.08848	0.07635	0.09333	0.10532	0.96086	0.08619	17.51546	-3.83839	0.310644597037088	0.29491	0.2543	0.32374	0.36962	0.81555	0.18711	5.1137	-17.28249	0.468936047252473	0.45367	0.39055	0.48372	0.5478	0.98651	0.05061	26.03508	-1.27475
"add"	4	0.17004709757166	0.157061149016954	0.108899984597313	1.9740036100892	0.08096	0.13745	0.12273	0.09445	0.53976	0.14768	8.89977	-7.09659	0.149250905715679	0.11247	0.21487	0.15004	0.11963	0.40069	0.16853	6.78753	-9.8711	0.183923644864952	0.13772	0.24756	0.19737	0.15304	0.51078	0.15226	8.41123	-8.35819
"add"	4	0.245208866975736	0.209253717621323	0.252296680119939	1.51240605818184	0.38489	0.16771	0.26223	0.19436	0.47994	0.25445	0.19514	-3.59544	0.215597626757128	0.38811	0.09327	0.24903	0.13198	0.57358	0.23041	1.78325	-10.37339	0.27049661278399	0.46089	0.13832	0.30014	0.18263	0.61006	0.22033	2.49876	-7.38674
"add"	4	0.0878110581543297	0.210123220924288	0.148190996823989	0.755683433035131	0.06844	0.22347	0.2336	0.06725	0.59158	0.08627	17.50226	-5.65819	0.0845310447044084	0.02969	0.1199	0.14332	0.04521	0.64715	0.08018	18.67217	-6.86611	0.093115327060314	0.03517	0.13565	0.15395	0.04769	0.64331	0.08062	18.5857	-6.37207
"add"	4	0.27304885314079	0.0198632520041429	0.0306659552713565	9.20655742579634	0.03294	0.03126	0.0295	0.02896	0.99014	0.02458	37.58863	-1.89371	0.205648335677646	0.22336	0.21098	0.19635	0.1919	0.89661	0.07959	18.78988	-17.42929	0.270988024128349	0.29158	0.27649	0.26039	0.25548	0.99205	0.02207	39.31195	-1.79124
"add"	4	0.468509615794756	0.216110595036298	0.0845466038890612	5.91620873976985	0.08226	0.06932	0.07284	0.11377	0.81337	0.20829	3.3981	-6.05112	0.307230619436041	0.28494	0.29927	0.20302	0.4417	0.71581	0.25703	0.03414	-10.94264	0.447751574840108	0.42906	0.383	0.36632	0.61263	0.83384	0.19654	4.32746	-7.39405
"add"	4	0.394056431320496	0.0937419089023024	0.0558390264672514	7.9196810792788	0.05652	0.06644	0.06181	0.03858	0.95291	0.08456	17.82229	-5.19887	0.281549634726439	0.27795	0.32769	0.32128	0.19927	0.79691	0.17561	6.12891	-12.17579	0.410488635182211	0.4132	0.48694	0.45719	0.28462	0.95999	0.07794	19.12591	-5.57245
"add"	4	0.233679449988995	0.175812048488297	0.056416458586411	4.95110693950449	0.03422	0.06542	0.0913	0.03472	0.77254	0.15008	8.64197	-1.61552	0.210018119109285	0.11392	0.25874	0.36564	0.10178	0.86287	0.11653	12.69009	-5.26283	0.261627590675607	0.15479	0.30765	0.43126	0.1528	0.80789	0.13793	9.99321	-1.93203
"add"	4	0.454100136016496	0.146720816323068	0.331724616553571	2.23982483233393	0.3372	0.35169	0.33917	0.29883	0.48499	0.31846	-3.39476	-7.57963	0.304960352946643	0.295	0.33288	0.31152	0.28044	0.77878	0.20872	3.36532	-9.05502	0.461587881104012	0.4545	0.49936	0.47401	0.41848	0.92102	0.12471	11.60504	-1.21164
"add"	4	0.0544658423867077	0.084709721209947	0.0744626856765353	0.45750482062103	-0.06342	0.03658	0.07602	0.24866	0.4609	0.05051	26.0648	-12.2711	0.0318177969244005	-0.01721	0.02017	0.02509	0.09922	0.41934	0.05243	25.47076	-11.28508	0.0325572325540684	-0.01959	0.0199	0.02711	0.10282	0.43584	0.05168	25.70137	-11.40399
"add"	4	0.169385632872581	0.217657904315274	0.212644666583099	0.931924367181851	0.1537	0.22042	0.21658	0.25988	-0.00224	0.16163	7.45568	-7.9014	0.10101621985603	0.06651	0.10285	0.09472	0.13998	-0.66462	0.20831	3.39682	-13.62543	0.12288210751685	0.08105	0.12621	0.11866	0.16561	-0.38909	0.19029	4.84439	-10.91582
"add"	4	0.249989241012372	0.0546379525912926	0.30661846020047	1.28290770151277	0.30414	0.28667	0.32616	0.30951	0.50099	0.17772	5.93771	-11.40094	0.197517602436537	0.20123	0.17416	0.20824	0.20645	0.94736	0.05772	23.93174	-4.67826	0.255896142725698	0.25825	0.23076	0.27133	0.26324	0.93917	0.06205	22.77457	-1.64673
"add"	4	0.0890255691017956	0.0800070603145286	0.285637786672977	0.504455740044871	0.26875	0.37563	0.32107	0.1771	0.2449	0.10484	14.38177	-4.20357	0.0798196985052862	0.06787	0.10718	0.07549	0.06874	0.50749	0.08467	17.80039	-5.82104	0.0901196077354861	0.07685	0.12104	0.0894	0.07319	0.52389	0.08325	18.07131	-4.99287
"add"	4	0.371601839002688	0.0256560003617778	0.334543213488441	1.77863051346635	0.32754	0.33753	0.33615	0.33696	0.63276	0.20757	3.45394	-19.93886	0.262797355015147	0.2578	0.26579	0.26457	0.26303	0.84206	0.13612	10.20449	-27.28132	0.37411476761835	0.36672	0.37841	0.37612	0.37522	0.9965	0.02027	40.6764	-1.11076
"add"	4	0.255475779809058	0.142088618304115	0.169429460190744	1.81728315099255	0.16299	0.21496	0.13159	0.16817	0.77391	0.11563	12.81439	-5.1717	0.188848662589097	0.18483	0.23043	0.14881	0.19132	0.4756	0.1761	6.08399	-11.07534	0.244555292293072	0.2354	0.30414	0.19214	0.24654	0.69948	0.13331	10.53782	-7.60315
"add"	4	0.120208632503636	0.21381031506462	0.0172668354192058	7.49173875569444	0.00583	0.03092	0.00922	0.02309	0.41525	0.19976	4.06759	-12.61182	0.117763304575799	0.0692	0.20913	0.02847	0.16425	0.3785	0.20594	3.58001	-15.12999	0.127455176048259	0.04757	0.22761	0.06351	0.17114	0.41467	0.19985	4.05968	-12.93356
"add"	4	0.477963848842774	0.0986636036541313	0.338919303476188	2.32321318862795	0.35781	0.33569	0.32641	0.33577	0.58194	0.29056	-1.92809	-15.39682	0.317880523211344	0.35564	0.29785	0.2963	0.32174	0.77252	0.21433	2.9405	-19.62596	0.488374689254107	0.53627	0.46897	0.45835	0.4899	0.98481	0.05539	24.58953	-2.66377
"add"	4	0.191976225131657	0.226793921145145	0.239861686300853	0.943251770874478	-0.03053	0.2639	0.31802	0.40806	0.45644	0.16691	6.94218	-7.272	0.133657005916145	0.03048	0.12398	0.13977	0.2404	0.09118	0.21582	2.83009	-13.85107	0.158720473027629	0.02582	0.15061	0.17606	0.28239	0.25458	0.19546	4.41569	-11.45389
"add"	4	0.112309563835152	0.101545188168529	0.0895006460655932	1.77528207759005	0.10349	0.09482	0.10859	0.0511	0.77147	0.07457	19.83305	-3.09003	0.121234586156889	0.15176	0.12724	0.14782	0.05811	0.85654	0.05908	23.55798	-5.23794	0.14111606250721	0.16917	0.149	0.17187	0.07443	0.82953	0.06441	22.17796	-3.53084
"add"	4	0.405807750707027	0.0800904507632367	0.108607214904636	4.29491580483259	0.11894	0.10659	0.10656	0.10234	0.94257	0.0915	16.55947	-1.33564	0.28066335675788	0.31188	0.26644	0.28211	0.26223	0.81889	0.16249	7.37147	-15.68314	0.405040579015364	0.44534	0.39381	0.39982	0.38118	0.96812	0.06817	21.26863	-3.21797
"add"	4	0.453300844749901	0.116661183012184	0.35326520945455	2.15567183736601	0.34825	0.35799	0.31984	0.38699	0.52309	0.31835	-3.38921	-27.48257	0.317684500452518	0.3199	0.3362	0.24802	0.36663	0.88609	0.15558	8.06617	-13.30068	0.475873025531164	0.47146	0.49295	0.40025	0.53882	0.97086	0.07869	18.97237	-3.12936
"add"	4	0.0824735117726959	0.239758799958508	0.0341426971210879	1.40512687873425	0.01133	-0.08285	0.00367	0.20443	0.06487	0.26704	-0.57757	-17.91973	0.0377641642558062	-0.01861	-0.09041	0.03881	0.22127	-0.00834	0.2773	-1.18056	-15.81449	0.0435452357139907	-0.00629	-0.0977	0.02623	0.25194	0.04353	0.27007	-0.75806	-17.54142
"add"	4	0.302560358541086	0.227004870539531	0.164074139731676	2.47158093666607	0.173	0.08028	0.15908	0.24393	0.60041	0.25616	0.08852	-3.23803	0.246201364147066	0.26373	0.09725	0.23665	0.38717	0.79702	0.18257	5.50714	-3.18457	0.32877797247431	0.35046	0.14454	0.31756	0.50255	0.7371	0.20777	3.43787	-2.93605
"add"	4	0.187464612000622	0.0564056585426442	0.151117509822163	1.43277469588447	0.13495	0.1386	0.17543	0.15549	0.93294	0.03987	29.85301	-5.12289	0.144333933193638	0.11863	0.13851	0.1734	0.1468	0.66822	0.08867	17.0615	-14.16379	0.176164927754262	0.15015	0.16568	0.20872	0.18011	0.85836	0.05794	23.87075	-9.47714
"add"	4	0.402752811135724	0.241666883288417	0.074732625360397	5.84287693738654	0.05634	0.09996	0.05285	0.08978	0.64521	0.26594	-0.51127	-5.39377	0.273195517592695	0.22031	0.39059	0.18447	0.29741	0.44674	0.3321	-4.06574	-10.33228	0.394175983035425	0.30211	0.53504	0.27651	0.46304	0.63376	0.2702	-0.76541	-6.52197
"add"	4	0.27294179800665	0.131751564040314	0.249874600958288	1.567998597808	0.28748	0.26269	0.20285	0.24648	0.56549	0.20412	3.72165	-1.74919	0.215183604789743	0.24737	0.23992	0.1536	0.21984	0.76003	0.15169	8.47128	-4.83837	0.284061630305207	0.32597	0.31299	0.21054	0.28675	0.76487	0.15016	8.63422	-3.15287
"add"	4	0.354682472185232	0.0776072791195475	0.0406752919964804	8.83937965657626	0.04175	0.03738	0.04408	0.03949	0.94444	0.07447	19.85433	-3.7071	0.244190511013958	0.25941	0.21212	0.27037	0.23486	0.76387	0.15353	8.2792	-12.82012	0.340123263327895	0.35106	0.30975	0.37016	0.32952	0.94009	0.07733	19.25222	-4.59343
"add"	4	0.446373296808451	0.183651204220951	0.144088258614103	3.87535531191089	0.15659	0.15811	0.15746	0.10421	0.86898	0.16981	6.66645	-1.95097	0.314176442852371	0.33122	0.37413	0.33596	0.21539	0.80543	0.20693	3.5031	-14.15894	0.465075481497085	0.50111	0.52537	0.50424	0.32958	0.92279	0.13036	10.89672	-4.85866
"add"	4	0.38187523628585	0.188224303012248	0.338528877856582	1.96114489202987	0.34782	0.35118	0.40385	0.25126	0.38498	0.35535	-5.14874	-5.08632	0.295789392889092	0.2954	0.2821	0.41187	0.19378	0.86725	0.16509	7.11693	-7.3536	0.421976098470347	0.42731	0.41869	0.55083	0.29108	0.84492	0.17844	5.87276	-1.66103
"add"	4	0.31642733461922	0.0806389644858427	0.123835527304952	2.89858025600394	0.1149	0.1069	0.12819	0.14535	0.96055	0.05575	24.48604	-6.5843	0.226243097959059	0.2001	0.19754	0.22791	0.27942	0.68532	0.15747	7.8737	-22.83009	0.304960071683739	0.27748	0.26398	0.31278	0.36559	0.9214	0.0787	18.97135	-13.21748
"add"	4	0.145665360079147	0.0144039349397644	0.019839609333727	7.52408179373303	0.01988	0.01959	0.01961	0.02028	0.98986	0.01343	47.26594	-7.58036	0.123391519057015	0.12482	0.12229	0.12074	0.12571	0.94348	0.03169	33.52322	-21.12714	0.145396271649084	0.14587	0.14365	0.14352	0.14854	0.98891	0.01404	46.54971	-9.02035
"add"	4	0.0825004504760727	0.0374092144193128	0.159402349557823	0.657930956856493	0.1325	0.15796	0.17168	0.17546	0.59357	0.06206	22.7709	-2.57062	0.0781703393317428	0.06451	0.08426	0.07729	0.08662	0.78115	0.04554	27.72322	-5.18036	0.0858651765928517	0.07081	0.08995	0.08788	0.09481	0.74314	0.04934	26.44197	-4.13298
"add"	4	0.271294235193636	0.180338203848805	0.163264929643565	1.93240076117006	0.14714	0.1554	0.17449	0.17604	0.69927	0.12695	11.32052	-4.62721	0.18956792659497	0.17063	0.1812	0.21218	0.19426	0.32298	0.19047	4.82878	-9.8554	0.249765362319357	0.224	0.2391	0.27447	0.26149	0.61014	0.14454	9.24397	-6.56442
"add"	4	0.356164004793391	0.0479448918486014	0.0463264270134087	8.40556132117667	0.04644	0.04787	0.04405	0.04695	0.97022	0.05913	23.54589	-5.52271	0.259663274522916	0.26221	0.27196	0.24702	0.25747	0.89089	0.11318	13.15705	-16.90953	0.366292687891776	0.36768	0.3794	0.34825	0.36985	0.98301	0.04466	28.03413	-3.78532
"add"	4	0.42521771696629	0.0405818450381048	0.35652803945992	1.91135617727975	0.35352	0.33831	0.36457	0.36971	0.58694	0.25125	0.39803	-29.63835	0.28823995443595	0.28952	0.26381	0.29453	0.3051	0.84252	0.15513	8.11245	-21.44265	0.422545619141957	0.42045	0.39223	0.43306	0.44444	0.99119	0.03669	31.1826	-1.06277
"add"	4	0.279822491004597	0.131026060262229	0.0579148540701553	5.30014514913698	0.06502	0.05252	0.02384	0.09027	0.91741	0.09001	16.82312	-6.43565	0.224010005551672	0.25275	0.20052	0.07293	0.36984	0.82123	0.13242	10.64525	-14.92321	0.287090473487014	0.32253	0.25957	0.11233	0.45393	0.91251	0.09264	16.36178	-8.00008
"add"	4	0.305730829341337	0.223944283497985	0.0558599792075637	6.65713955356661	0.06454	0.06203	0.03751	0.05936	0.77878	0.17107	6.54755	-5.78183	0.248911006758958	0.25911	0.28564	0.16656	0.28433	0.62052	0.22406	2.23039	-9.39969	0.344876656889155	0.39229	0.38504	0.23054	0.37163	0.77216	0.17362	6.3116	-6.47417
"add"	4	0.192887608008459	0.1202592815971	0.133199634176009	1.5058137729626	0.09586	0.14622	0.1219	0.16881	0.71899	0.09751	15.54148	-3.88655	0.1401989041366	0.07705	0.17258	0.12277	0.18839	0.72172	0.09704	15.61966	-9.53519	0.167235320586174	0.10616	0.19487	0.14928	0.21864	0.75714	0.09065	16.70893	-6.61434
"add"	4	0.496597692673095	0.147696121421177	0.0678303720391516	8.05222929615565	0.06063	0.08103	0.05517	0.0745	0.92864	0.12975	10.97145	-2.33977	0.3249457639016	0.28365	0.40391	0.2693	0.34293	0.80164	0.21632	2.79315	-14.16691	0.498896554438838	0.44326	0.60156	0.40652	0.54425	0.94845	0.11028	13.57325	-3.24111
"add"	4	0.0669458787771873	0.0273148830165155	0.0275041905058427	2.5501901240759	0.02795	0.03143	0.03025	0.02039	0.83021	0.03048	34.14861	-7.2015	0.0629829578471748	0.06426	0.0726	0.06998	0.0451	0.81923	0.03145	33.64716	-9.1006	0.0678730706857674	0.06903	0.07778	0.07488	0.04981	0.82915	0.03057	34.09886	-7.79177
"add"	4	0.349327502865344	0.0385558802518062	0.0615958783203673	6.19039778289711	0.06306	0.06139	0.06301	0.05892	0.98152	0.04448	28.0997	-1.35854	0.252634585343146	0.25726	0.25025	0.26096	0.24206	0.83489	0.13295	10.58148	-24.37801	0.351888323230609	0.36007	0.35037	0.36052	0.3366	0.98374	0.04173	29.12304	-5.69196
"add"	4	0.344935064576566	0.0629360224120319	0.087957427246131	4.29575405960843	0.09615	0.07015	0.09128	0.09426	0.96593	0.05775	23.92337	-2.64733	0.243558353178085	0.26582	0.19184	0.25092	0.26565	0.82671	0.13025	10.90986	-17.17194	0.336427736213511	0.36746	0.26733	0.34815	0.36277	0.97416	0.05029	26.13499	-2.97917
"add"	4	0.359386812301818	0.235939858888742	0.108144628023693	4.10747024077517	0.10736	0.09924	0.10975	0.11622	0.66412	0.2612	-0.22351	-4.75306	0.284450987455583	0.34136	0.22984	0.2459	0.3207	0.74693	0.22673	2.04121	-8.34918	0.390996824254463	0.41329	0.34384	0.38353	0.42333	0.72978	0.23428	1.5166	-5.40338
