"model"	"n.muts"	"coes"	"sigma"	"u.mean"	"d.hat.MLE"	"u.hats.mut.1"	"u.hats.mut.2"	"u.hats.mut.3"	"u.hats.mut.4"	"u.hats.mut.5"	"R2.stick"	"sig.stick"	"lnL.stick"	"P.stick"	"s.mean"	"s.hats.mut.1"	"s.hats.mut.2"	"s.hats.mut.3"	"s.hats.mut.4"	"s.hats.mut.5"	"R2.mult"	"sig.mult"	"lnL.mult"	"P.mult"	"w.mean"	"w.hats.mut.1"	"w.hats.mut.2"	"w.hats.mut.3"	"w.hats.mut.4"	"w.hats.mut.5"	"R2.add"	"sig.add"	"lnL.add"	"P.add"
"stick"	5	0.0975294712930918	0.223816752026323	0.037229027456884	0.632030785112465	0.4776	-0.05062	-0.23488	0.01633	-0.02229	0.38675	0.16187	5.82454	0	0.0118130938579209	0.25726	-0.06759	-0.11191	-0.04198	0.02329	-0.14403	0.22108	2.08332	0	0.0170730251135726	0.27054	-0.05825	-0.11697	-0.02725	0.0173	0.1289	0.19292	3.71866	0
"stick"	5	0.198711587348953	0.132637951057404	0.17318872350369	1.28104411530037	0.16099	0.14963	0.30755	0.12113	0.12664	0.9494	0.07151	15.62839	0	0.140991026740804	0.09775	0.13872	0.26461	0.08645	0.11743	0.96474	0.05969	17.79574	0	0.161587718890455	0.12338	0.15171	0.3034	0.10145	0.12799	0.94822	0.07234	15.48991	0
"stick"	5	0.0593146934290417	0.170690951752476	0.0831632014514176	0.608687656625702	0.26483	0.32604	0.13616	-0.18532	-0.12589	-0.25262	0.17958	4.57809	0	0.0532221056987722	0.18806	0.16677	0.07748	-0.06324	-0.10295	-0.38174	0.18861	3.98944	0	0.0528469401232979	0.17581	0.17599	0.0793	-0.07514	-0.09173	-0.31213	0.1838	4.29958	0
"stick"	5	0.24630979768699	0.237522060109768	0.100810068312706	3.34691818049199	0.08779	0.14181	0.03082	0.13062	0.11302	-0.0474	0.392	-4.7892	0	0.227194658767122	0.22054	0.34995	-0.06014	0.31759	0.30803	-0.63255	0.48939	-7.45219	0	0.293173490550375	0.26238	0.42672	0.03635	0.38996	0.35045	-0.09766	0.40129	-5.0704	0
"stick"	5	0.148773971491028	0.0117920584161766	0.164213368874415	1.01203045036836	0.16994	0.16834	0.16029	0.15575	0.16674	0.95336	0.03765	23.32658	0	0.126276771140634	0.12784	0.12904	0.12293	0.12361	0.12795	0.46462	0.12756	8.68314	0	0.13761787839906	0.14038	0.14082	0.13401	0.13331	0.13956	0.83585	0.07063	15.77627	0
"stick"	5	0.373477573564742	0.188742742873728	0.315810885801718	1.09719279984764	0.05263	0.43548	0.28458	0.57917	0.2272	0.36386	0.20744	2.84746	0	0.276457313625109	0.22219	0.35963	0.19614	0.47879	0.12553	-9.14303	0.82834	-13.76725	0	0.304360253830551	0.22036	0.39619	0.22232	0.53214	0.1508	-2.04611	0.45394	-6.54972	0
"stick"	5	0.423717137740459	0.0728898199740797	0.0857751682547138	2.93498580665282	0.07274	0.07746	0.09645	0.08625	0.09598	0.78896	0.12853	8.59219	0	0.241043436049745	0.20656	0.22357	0.27143	0.24747	0.25619	-1.79745	0.46794	-6.91421	0	0.25062934616092	0.21313	0.22916	0.28255	0.25483	0.27346	0.64547	0.16658	5.4799	0
"stick"	5	0.0560448395553976	0.170227959402837	-0.189110714030738	0.590453903714855	-0.11481	0.30254	-0.28992	-0.02433	-0.81903	-6.89552	0.56154	-9.10241	0	-0.0390438104286821	-0.03269	0.16724	-0.08507	-0.01212	-0.23258	-1.75486	0.3317	-2.78483	0	-0.0488233137103578	-0.0403	0.17102	-0.1006	-0.01271	-0.26152	-2.0892	0.35125	-3.4721	0
"stick"	5	0.223603297432419	0.15213060984388	0.168276204183393	1.22559755557768	0.03675	0.28879	0.19329	0.09832	0.22423	0.66091	0.14157	7.43206	0	0.182964191926542	0.11468	0.28134	0.16908	0.16603	0.18369	-0.96246	0.34058	-3.10202	0	0.195861171968588	0.10384	0.30829	0.19063	0.1619	0.21464	0.30984	0.20197	3.16816	0
"stick"	5	0.0649949664017186	0.122478347911965	0.373496964109975	0.425571581872008	0.45642	0.2426	0.52039	0.31874	0.32934	-3.92106	0.17116	5.15473	0	0.122812837551529	0.161	0.06338	0.19765	0.0984	0.09363	-20.17315	0.35503	-3.60053	0	0.128854490660612	0.16739	0.06881	0.2027	0.10404	0.10133	-13.42464	0.29304	-1.29775	0
"stick"	5	0.274453374708537	0.239450701046735	0.132732323915736	1.3938774932137	-0.07623	0.09258	0.16577	0.4078	0.07375	0.82109	0.11271	10.16798	0	0.18187305536583	-0.02069	0.15966	0.18228	0.47352	0.1146	-0.16584	0.28772	-1.07797	0	0.188850530270377	-0.0434	0.15506	0.20153	0.51825	0.11281	0.62267	0.16369	5.69043	0
"stick"	5	0.361177971994039	0.00831316155381501	0.371718977271174	0.977870582563123	0.36163	0.38451	0.37177	0.36735	0.37333	0.99838	0.00994	39.30661	0	0.242491530433677	0.24293	0.24117	0.2425	0.24585	0.24001	-3.57521	0.52812	-8.36605	0	0.261504037256511	0.2612	0.26116	0.26149	0.26458	0.25909	0.22063	0.21797	2.25351	0
"stick"	5	0.288783962232992	0.0674896723357961	0.148842090606604	1.07590160037719	0.08318	0.04575	0.19388	0.2228	0.19861	0.27819	0.21723	2.29425	0	0.177635640910971	0.11501	0.17522	0.1897	0.22192	0.18633	0.27174	0.2182	2.24088	0	0.181854909020634	0.11371	0.16853	0.19838	0.23255	0.1961	0.81133	0.11106	10.34475	0
"stick"	5	0.186627728107851	0.0935216370853595	0.103702307554483	1.04782203384168	0.13771	0.21104	0.21074	-0.05098	0.01001	0.64282	0.15136	6.63009	0	0.095822252142287	0.10249	0.17062	0.1478	0.03997	0.01824	0.81828	0.10796	10.68472	0	0.101909516335907	0.11327	0.18548	0.16884	0.02523	0.01672	0.74269	0.12847	8.59781	0
"stick"	5	0.277135412208736	0.074213789193891	0.0736039534921271	2.68434176183972	0.04828	0.1016	0.07502	0.06707	0.07606	0.82872	0.09849	11.78577	0	0.18894749219634	0.1281	0.24515	0.20408	0.17296	0.19445	-0.41187	0.28278	-0.87028	0	0.195781855682101	0.12997	0.26289	0.2057	0.17852	0.20184	0.74747	0.11959	9.45652	0
"stick"	5	0.444570051669143	0.123238638800103	0.0493988955344987	4.60435727553225	0.07038	0.06211	0.04855	0.04262	0.02333	0.7969	0.13219	8.25485	0	0.218976267879237	0.30488	0.2648	0.20422	0.19868	0.1223	-0.46441	0.35496	-3.59821	0	0.226791427956001	0.3213	0.28153	0.2187	0.199	0.11343	0.76091	0.14342	7.27611	0
"stick"	5	0.395982584811281	0.0319034652784467	0.230184785673855	1.29966636297277	0.21707	0.23441	0.25027	0.22069	0.22849	0.85695	0.09102	12.73303	0	0.262437193819788	0.26814	0.25965	0.27359	0.24709	0.26372	-6.08254	0.64043	-10.67995	0	0.279486508772343	0.28214	0.27778	0.29392	0.2634	0.2802	-0.14619	0.25764	0.24717	0
"stick"	5	0.227262204152066	0.0374522135243751	0.146287980152177	1.49175614892626	0.12987	0.13423	0.14941	0.1793	0.13863	0.9022	0.07231	15.4949	0	0.162607320788318	0.14226	0.14666	0.16788	0.20467	0.15157	0.27352	0.19707	3.46326	0	0.182987711969331	0.16062	0.16588	0.18814	0.2288	0.1715	0.79628	0.10436	11.09219	0
"stick"	5	0.0534766331198625	0.122012564796023	0.010765361364293	1.02743991544316	0.12112	-0.07693	0.0646	-0.1798	0.12483	0.2826	0.14571	7.08662	0	0.0126399429354458	0.1134	-0.09911	0.05496	-0.12674	0.12069	0.02867	0.16954	5.26841	0	0.0134923425162189	0.11825	-0.09012	0.05969	-0.14459	0.12423	0.20077	0.15379	6.43857	0
"stick"	5	0.123851651640143	0.0487634261371568	0.12857386889939	0.80484570820913	0.12457	0.04708	0.17557	0.09588	0.19978	0.86265	0.04975	19.98255	0	0.0915825093849931	0.07733	0.05572	0.12718	0.05349	0.1442	0.55621	0.08942	12.94577	0	0.0955976226977674	0.08363	0.0525	0.13205	0.05977	0.15004	0.77152	0.06416	16.92912	0
"stick"	5	0.282350226677954	0.195850625168532	0.261911107881992	1.1420094399092	0.14208	0.25516	0.37638	0.29246	0.24347	0.4194	0.1897	3.92054	0	0.249465246242966	0.26999	0.16374	0.30186	0.25495	0.25679	-6.31741	0.67345	-11.2832	0	0.271642592748448	0.27515	0.19461	0.33992	0.27771	0.27082	-1.12349	0.36279	-3.86004	0
"stick"	5	0.456147743179463	0.0212955352035351	0.457092691341012	0.990151962645648	0.50152	0.45563	0.40091	0.37487	0.55252	0.98156	0.03338	24.76877	0	0.293060898515883	0.29807	0.2932	0.2738	0.27662	0.32361	-10.10344	0.81916	-13.63349	0	0.31624579951946	0.32304	0.31604	0.29329	0.29579	0.35307	-0.79719	0.32956	-2.7073	0
"stick"	5	0.404904754762538	0.159188011020888	0.0809426410631438	2.91222167255424	0.1439	0.06112	0.05198	0.13842	0.00929	0.79829	0.15511	6.33625	0	0.219261727025836	0.36285	0.13099	0.19693	0.3291	0.07644	-0.11529	0.36473	-3.92409	0	0.232793694863041	0.39909	0.15704	0.17989	0.37438	0.05357	0.73672	0.17721	4.73786	0
"stick"	5	0.143121252767742	0.0919009452336468	-0.0374782567225162	0.817210275306469	-0.12091	-0.00985	0.01058	-0.06695	-0.00026	-3.31009	0.51581	-8.08296	0	0.029807157071909	0.06591	0.10068	0.03487	-0.05364	0.00122	-0.69587	0.32355	-2.48638	0	0.0229567312696312	0.04801	0.08918	0.03017	-0.05349	0.00092	-0.91041	0.3434	-3.20111	0
"stick"	5	0.241128562274389	0.0604799131397158	0.0261295186515661	6.29183433797652	0.03292	0.02779	0.01728	0.01655	0.03612	0.85941	0.08475	13.58864	0	0.158919178810936	0.19674	0.16534	0.10767	0.11107	0.21378	0.38937	0.17663	4.77688	0	0.163762587007102	0.20557	0.17324	0.10876	0.10615	0.2251	0.85141	0.08713	13.25674	0
"stick"	5	0.0858327298308723	0.044555917091202	0.0227301621418493	3.33528744344806	0.01978	0.03341	0.01714	0.02097	0.02234	0.92011	0.03265	25.03556	0	0.0724081584790918	0.06769	0.10341	0.05262	0.06732	0.07101	0.86594	0.0423	21.9294	0	0.0748893709160526	0.06665	0.10919	0.05584	0.06923	0.07354	0.91752	0.03317	24.84427	0
"stick"	5	0.407223095721565	0.146914981654845	0.157980685102864	1.787792056615	0.02755	0.14335	0.1726	0.18553	0.26087	0.91953	0.09734	11.92775	0	0.233486322691524	0.07306	0.16749	0.27902	0.29183	0.35602	-0.30608	0.39215	-4.79378	0	0.255746832856792	0.0676	0.19831	0.29689	0.3132	0.40274	0.79479	0.15544	6.31059	0
"stick"	5	0.068540425109677	0.0670657360460609	0.222770528288885	0.594942740903844	0.20105	0.24728	0.29797	0.18436	0.1832	-0.5113	0.12587	8.8425	0	0.0912318893578989	0.08315	0.11287	0.13628	0.05941	0.06444	-1.34427	0.15677	6.20846	0	0.0999207014193478	0.09039	0.12014	0.14576	0.0699	0.0734	-0.89024	0.14077	7.50008	0
"stick"	5	0.347698793152813	0.12931789632421	0.280711448124166	1.20331135709628	0.33347	0.37185	-0.15675	0.38336	0.47163	0.45302	0.18465	4.24418	0	0.294298008179837	0.27665	0.34413	0.11946	0.3143	0.41695	-11.60045	0.88626	-14.57827	0	0.321038338051028	0.30828	0.37711	0.10066	0.35395	0.46519	-1.88272	0.4239	-5.72828	0
"stick"	5	0.233572926791385	0.0664982557063922	0.170292259205925	1.61066067672345	0.1749	0.18954	0.147	0.17752	0.16249	0.84868	0.10513	11.00335	0	0.197897924750267	0.1986	0.20797	0.18192	0.20541	0.19559	-0.27174	0.30478	-1.76929	0	0.225239175009864	0.22814	0.24321	0.20142	0.23425	0.21918	0.67836	0.15327	6.47901	0
"stick"	5	0.467502688860986	0.134054297930561	0.32958253946449	1.28297961833104	0.34873	0.33587	0.51647	0.36421	0.08264	0.64547	0.13931	7.62511	0	0.347300600224745	0.33042	0.35395	0.4932	0.35713	0.20181	-26.73979	1.2323	-18.53387	0	0.379236235819234	0.36472	0.38485	0.55293	0.39281	0.20088	-4.01251	0.52383	-8.26829	0
"stick"	5	0.206404818897136	0.110698687494732	0.215972000845342	1.30747550039828	0.21353	0.2276	0.17676	0.18398	0.27799	0.61282	0.15572	6.28911	0	0.198506403090968	0.21331	0.19402	0.17753	0.17205	0.23562	-1.164	0.36814	-4.03591	0	0.224025824948211	0.23372	0.22451	0.19337	0.19138	0.27714	0.25235	0.21639	2.34074	0
"stick"	5	0.186318804265466	0.00201671221293509	0.187277746410157	1.00071046390705	0.18732	0.18613	0.1895	0.18814	0.18531	0.99974	0.00327	52.63705	0	0.140737029957954	0.14164	0.14008	0.14202	0.14065	0.1393	0.55782	0.13521	7.98355	0	0.152421911861276	0.15316	0.15164	0.15395	0.15254	0.15082	0.92124	0.05707	18.33546	0
"stick"	5	0.303263589739799	0.137366823502816	0.261597651102481	1.11499822677172	0.29945	0.30019	0.22006	0.11654	0.37174	0.43305	0.14291	7.31953	0	0.261353292874286	0.25167	0.27945	0.20621	0.23924	0.33019	-14.41021	0.74505	-12.49559	0	0.278898728385368	0.2761	0.30002	0.21929	0.23942	0.35966	-2.79134	0.36955	-4.08172	0
"stick"	5	0.2658984116395	0.147144896793179	0.15401103277847	1.42926892417641	0.23716	0.12148	0.04942	0.20409	0.15791	0.93407	0.06676	16.45195	0	0.186135458832976	0.27857	0.18357	0.07236	0.22465	0.17153	-0.02159	0.26281	0.00885	0	0.200236672968251	0.3033	0.18598	0.07263	0.24918	0.19009	0.80253	0.11554	9.87017	0
"stick"	5	0.446350963436998	0.151787559967488	0.196726098672619	1.36003577200163	-0.10241	0.12132	0.28853	0.36674	0.30945	0.48203	0.21222	2.57459	0	0.270724825869635	0.15098	0.15537	0.27404	0.41785	0.35538	-4.73712	0.70627	-11.85419	0	0.287971124943783	0.12268	0.16097	0.31357	0.4571	0.38553	-0.24941	0.32959	-2.70848	0
"stick"	5	0.283271708909888	0.0430555886705406	0.24655443457648	1.25619794515118	0.1997	0.29328	0.22346	0.29859	0.21774	0.8308	0.09863	11.76894	0	0.222952011624512	0.17045	0.27263	0.20513	0.27626	0.19029	-2.66758	0.45922	-6.68843	0	0.247165635915696	0.19055	0.30155	0.22567	0.30614	0.21191	0.09819	0.22771	1.7289	0
"stick"	5	0.120348910253961	0.0938968370319344	0.0400320992860195	2.81858842069024	0.01684	0.05306	0.07996	0.04575	0.00456	0.95163	0.0426	21.84458	0	0.0944556626445722	0.02346	0.13251	0.19964	0.10598	0.01068	0.92485	0.05309	19.20094	0	0.106188866071105	0.03843	0.14344	0.21658	0.12052	0.01198	0.949	0.04374	21.52631	0
"stick"	5	0.261086782743223	0.104040865786374	0.133166672646298	1.58812629455053	0.22949	0.03978	0.19329	0.0812	0.12207	0.97417	0.0495	20.04171	0	0.153270337619257	0.29184	0.03265	0.2196	0.09478	0.12748	0.90167	0.09659	12.01985	0	0.174416022176962	0.32208	0.04179	0.25245	0.10584	0.14991	0.96386	0.05856	18.02554	0
"stick"	5	0.234347366762813	0.122304943564814	0.128779736968815	2.06469114595536	0.13984	0.10353	0.14423	0.10032	0.15598	0.53788	0.1903	3.88282	0	0.191674987078738	0.21902	0.15342	0.23591	0.1352	0.21483	-0.26043	0.31428	-2.13751	0	0.225722433536745	0.25113	0.17976	0.26502	0.16652	0.26618	0.43324	0.21074	2.65818	0
"stick"	5	0.0818740699090995	0.0873529010568745	-0.00521444599431182	0.553963791800065	-0.01685	-0.23862	0.18981	0.04019	-6e-04	-2.13595	0.24071	1.06257	0	0.0279252907502321	0.00733	-0.02005	0.09826	0.02286	0.03123	-0.22263	0.1503	6.71415	0	0.0242670854092379	0.00447	-0.03311	0.10051	0.02281	0.02665	-0.44782	0.16356	5.69982	0
"stick"	5	0.280639184254687	0.0907099926844239	0.238923885395937	1.01949111327097	0.09437	0.31281	0.2472	0.24681	0.29344	0.94463	0.05341	19.12924	0	0.193440052248637	0.11774	0.25234	0.21075	0.1648	0.22157	-1.09287	0.32839	-2.66476	0	0.20732604792074	0.11777	0.27156	0.22356	0.18302	0.24072	0.55133	0.15205	6.5753	0
"stick"	5	0.443074517406058	0.0782265518791974	0.2601696356509	1.21868595938847	0.43235	0.26739	0.19251	0.29108	0.11752	0.90975	0.07979	14.31283	0	0.263081086644534	0.39286	0.25393	0.25899	0.27225	0.13738	-4.66019	0.6319	-10.51895	0	0.283506208278835	0.43599	0.27473	0.26912	0.29612	0.14157	-0.00566	0.26635	-0.15206	0
"stick"	5	0.41142660821788	0.140613577619661	0.109046300454781	1.93718161092682	0.08609	0.18385	-0.00685	0.21443	0.06772	0.20628	0.2324	1.48411	0	0.216384878433202	0.18497	0.32299	0.07544	0.37477	0.12375	-2.37265	0.47907	-7.19625	0	0.219865152751602	0.18098	0.34427	0.04325	0.40268	0.12815	-0.1101	0.27485	-0.52877	0
"stick"	5	0.265544095181394	0.0969078300986439	0.229235746840222	1.10131087261783	0.21788	0.25434	0.15847	0.30129	0.2142	0.9349	0.05907	17.92151	0	0.208840084256567	0.19904	0.21802	0.18166	0.26916	0.17632	-1.75274	0.3841	-4.54499	0	0.222766663591707	0.21155	0.23516	0.18655	0.28974	0.19083	0.48401	0.1663	5.50061	0
"stick"	5	0.251571810967289	0.0874820568133146	0.270690506842894	1.14880748543994	0.32146	0.24409	0.26155	0.3097	0.21666	0.83022	0.09774	11.87797	0	0.212658402012489	0.25424	0.1945	0.2146	0.24749	0.15246	-2.03477	0.41323	-5.42232	0	0.236214716745075	0.28371	0.21432	0.23547	0.27497	0.1726	0.2216	0.20928	2.74157	0
"stick"	5	0.454841001960449	0.128959506459069	0.209743364479453	1.69444214542058	0.23519	0.27103	0.21582	0.23422	0.09245	0.43662	0.201	3.22592	0	0.315652032015808	0.29983	0.35252	0.32159	0.36061	0.24372	-12.93435	0.99965	-16.02304	0	0.3409418387709	0.33902	0.3972	0.34592	0.38666	0.23591	-1.54639	0.42733	-5.82497	0
"stick"	5	0.247842618741561	0.102845976944081	0.14447579374903	1.49940292781246	0.068	0.22695	0.17152	0.11509	0.14083	0.75472	0.10579	10.92817	0	0.207782805779272	0.14605	0.29289	0.22636	0.15788	0.21574	-2.60956	0.40583	-5.2054	0	0.215830194017455	0.13716	0.31567	0.24108	0.16511	0.22014	0.26152	0.18356	4.3151	0
"stick"	5	0.0690911486279219	0.174725692777429	0.000225375804075645	6.1462330162444	0.01943	-0.00408	-0.0116	-0.01484	0.01222	-0.36054	0.23398	1.40322	0	0.0019805332556621	0.11308	-0.0416	-0.08049	-0.05145	0.07035	-0.46792	0.24303	0.94742	0	0.00186141509061956	0.11842	-0.02774	-0.07279	-0.08288	0.0743	-0.36388	0.23426	1.38849	0
"stick"	5	0.285949882562272	0.239191565080546	-0.0968508174831558	1.25326980551922	0.17048	-0.03605	-0.15679	-0.12953	-0.33236	-9.46929	0.99284	-15.94099	0	0.0603911605543155	0.20653	-0.00641	0.01727	0.02939	0.05518	-0.78716	0.41021	-5.3341	0	0.0271686242427383	0.21312	-0.02052	-0.03191	-0.01554	-0.00931	-1.75309	0.50913	-7.92666	0
"mult"	5	0.253964691876899	0.0888635643059388	0.0755573408678353	5.24794325727835	0.07041	0.08038	0.08644	0.07483	0.06573	0.92006	0.21321	2.51872	0	0.192999538893103	0.18588	0.21047	0.27212	0.14064	0.15589	0.72627	0.39453	-4.86651	0	0.310658175840848	0.29057	0.33307	0.37766	0.28862	0.26337	0.87984	0.2614	0.07338	0
"mult"	5	0.11628316208953	0.165484240045771	0.184316504547075	1.62776377650356	0.21263	0.20917	0.21214	0.1884	0.09923	-3.65693	0.43157	-5.94338	0	0.248700251992387	0.2913	0.27956	0.29418	0.24954	0.12893	-18.01218	0.872	-14.38372	0	0.272751641490302	0.31696	0.30872	0.31938	0.27616	0.14255	-7.31899	0.57682	-9.42449	0
"mult"	5	0.271304844587576	0.059854480670765	0.355784574958433	2.57861466349496	0.37546	0.34735	0.35366	0.35819	0.34427	0.45957	0.56617	-9.20088	0	0.280069169571257	0.28038	0.26209	0.30382	0.30331	0.25075	0.9858	0.09178	12.63302	0	0.409612829139073	0.42936	0.38788	0.42533	0.42893	0.37656	0.97956	0.1101	10.44883	0
"mult"	5	0.438671331002843	0.192535733105615	0.386578767562703	5.2671249175877	0.40906	0.43455	0.36062	0.38048	0.34818	0.18779	1.47453	-20.68732	0	0.412004394599136	0.55523	0.65678	0.23399	0.34083	0.27318	0.95897	0.33141	-2.77444	0	0.797995993448777	0.95254	1.09347	0.60861	0.73052	0.60484	0.95521	0.34625	-3.30029	0
"mult"	5	0.16927323731361	0.191596413322259	0.194378083184057	1.91225444320679	0.08961	0.21403	0.18776	0.14489	0.33559	0.57335	0.30142	-1.63636	0	0.177806371448192	-0.16641	0.20742	0.20005	0.19792	0.45005	0.52764	0.31716	-2.24707	0	0.247669046511785	-0.03858	0.27565	0.25044	0.22292	0.52791	0.7491	0.23115	1.54892	0
"mult"	5	0.0621729411650449	0.120345257106237	0.291862483154341	0.701732636268802	0.32003	0.07553	0.45452	0.28424	0.325	-0.94017	0.29335	-1.31063	0	0.0698785365302124	0.06277	-0.06079	0.22421	0.04103	0.08217	0.66279	0.1223	9.18831	0	0.096696591483726	0.0987	-0.04425	0.24424	0.07286	0.11194	0.37501	0.1665	5.4861	0
"mult"	5	0.154001512099057	0.00612061080755666	0.307192434501714	1.24932199035823	0.31465	0.30859	0.30229	0.30502	0.30541	0.65736	0.20907	2.75401	0	0.152727480483979	0.16299	0.15209	0.14541	0.15115	0.152	0.99921	0.01006	39.16084	0	0.191865711471068	0.20246	0.19182	0.18445	0.1899	0.1907	0.98805	0.03904	22.89151	0
"mult"	5	0.313645930704661	0.162363592011388	0.357471283849336	3.12203721692014	0.34299	0.28096	0.3576	0.40695	0.39885	0.43165	0.73366	-12.31074	0	0.287187519602955	0.20611	0.08602	0.29506	0.43096	0.41779	0.93391	0.25018	0.5995	0	0.462456407412602	0.38382	0.22715	0.46556	0.62809	0.60766	0.95692	0.20198	3.16774	0
"mult"	5	0.0703721976373345	0.222642089531291	0.133391043026947	0.83899367620607	0.15167	0.32552	-0.03619	0.1128	0.11315	-0.05606	0.14605	7.05819	0	0.118658919755521	0.11391	0.22974	0.04228	0.08785	0.11951	-1.82167	0.23874	1.16151	0	0.119503490435374	0.11882	0.24427	0.0277	0.09042	0.1163	-0.63837	0.18192	4.42329	0
"mult"	5	0.340739957662299	0.000706524820998311	0.383994482257599	3.76506000200326	0.38395	0.38388	0.38384	0.3841	0.3842	0.13446	1.05048	-16.61825	0	0.340269315600328	0.34016	0.3399	0.3397	0.34041	0.34118	0.99999	0.00415	49.78588	0	0.593535523029379	0.59339	0.59307	0.59287	0.59382	0.59452	0.95645	0.23563	1.31878	0
"mult"	5	0.142992224788759	0.172884975851048	0.350430419104903	1.18706192650282	0.2386	0.32909	0.37125	0.40985	0.40337	-0.20953	0.34902	-3.39584	0	0.169153300686696	0.09441	0.11966	0.14237	0.26147	0.22785	0.53119	0.21729	2.29083	0	0.218601974370729	0.122	0.17188	0.20899	0.30856	0.28157	0.50368	0.22358	1.94875	0
"mult"	5	0.288145178649575	0.226304760377388	0.353012372937584	3.07766868327366	0.44648	0.32679	0.33168	0.298	0.36212	0.41375	0.75066	-12.58556	0	0.254567924722026	0.52864	0.22259	0.22767	0.04797	0.24597	0.80365	0.43443	-6.02254	0	0.431014659445996	0.74922	0.37336	0.38251	0.21705	0.43294	0.92847	0.26221	0.03621	0
"mult"	5	0.332245146797504	0.227519273757935	0.400198620318347	3.53198179555742	0.41189	0.34576	0.39264	0.44691	0.40379	-0.01823	1.01563	-16.21332	0	0.405049161439908	0.49326	0.20855	0.49855	0.54045	0.28444	0.4465	0.7488	-12.55591	0	0.647447627492322	0.72427	0.42068	0.70104	0.81836	0.57289	0.80709	0.44206	-6.23161	0
"mult"	5	0.482445233687758	0.106627960747574	0.40885347098656	6.74436811532124	0.40433	0.41392	0.4101	0.40529	0.41064	-0.14524	2.17601	-25.3572	0	0.490035035837553	0.41974	0.4842	0.61026	0.5137	0.42227	0.98337	0.26222	0.03581	0	1.07610374770191	1.013	1.0917	1.15892	1.07612	1.04077	0.91935	0.57744	-9.43744	0
"mult"	5	0.220130674424581	0.0652742135571316	0.341816142745066	1.96382419850371	0.38209	0.34473	0.31308	0.31191	0.35727	0.4838	0.41731	-5.54002	0	0.22032970162179	0.28917	0.2484	0.18988	0.1613	0.2129	0.99168	0.05297	19.22797	0	0.307569164068824	0.38621	0.33022	0.26572	0.24319	0.3125	0.97755	0.08702	13.27154	0
"mult"	5	0.178584961139131	0.226441400242038	0.109208565990481	2.43770814778633	0.20074	0.02813	0.09034	0.24212	-0.01528	0.83124	0.251	0.56059	0	0.0866243019505674	0.32275	-0.13948	-0.06966	0.36567	-0.04616	-0.00775	0.61335	-10.16135	0	0.161082015890167	0.39149	-0.05934	0.051	0.4654	-0.04315	0.64101	0.36608	-3.9683	0
"mult"	5	0.42361698950408	0.0249434558791108	0.402877737372485	5.43978402686141	0.40166	0.4024	0.40649	0.40234	0.4015	-0.07831	1.69031	-22.3262	0	0.435881684040813	0.44351	0.43312	0.44361	0.42022	0.43894	0.99411	0.12498	8.92834	0	0.873752320333839	0.875	0.8705	0.88966	0.86206	0.87155	0.92947	0.4323	-5.96353	0
"mult"	5	0.343332178459968	0.120015829859767	0.394279288682044	3.9024503489793	0.39733	0.40411	0.39269	0.3987	0.37857	-0.05693	1.18673	-18.08169	0	0.347559769981874	0.32341	0.40565	0.39275	0.29641	0.31958	0.98623	0.13548	7.95997	0	0.632601921117045	0.62269	0.68954	0.65878	0.60929	0.58271	0.91806	0.33042	-2.73852	0
"mult"	5	0.410887568653561	0.0220616624574177	0.400307618466048	5.13664071174749	0.40092	0.40205	0.39821	0.39887	0.40149	-0.04883	1.575	-21.47832	0	0.418754678890903	0.43261	0.41775	0.40627	0.41008	0.42707	0.99675	0.08774	13.17315	0	0.822351735830724	0.83303	0.82658	0.80842	0.81271	0.83101	0.93401	0.39507	-4.88281	0
"mult"	5	0.292353173892479	0.0991349791293032	0.373656130875255	3.00095308481726	0.38326	0.38333	0.36298	0.38113	0.35758	0.14679	0.83514	-13.86538	0	0.273996556042295	0.20012	0.29864	0.24317	0.31955	0.3085	0.95359	0.19477	3.60375	0	0.462731651971526	0.42892	0.49098	0.42566	0.50232	0.46577	0.94091	0.21977	2.15476	0
"mult"	5	0.28161102454178	0.071941411588341	0.348743440776037	2.68605939836489	0.38031	0.33908	0.34166	0.32039	0.36228	0.49551	0.58684	-9.63113	0	0.263122017758019	0.31425	0.25962	0.23804	0.21341	0.29029	0.97666	0.12623	8.80866	0	0.398671310261444	0.46841	0.3863	0.37259	0.33431	0.43175	0.96049	0.16422	5.65131	0
"mult"	5	0.386600222287234	0.082405402965378	0.402218500880695	4.76699307567796	0.40787	0.39096	0.40238	0.39758	0.41231	-0.13137	1.50626	-20.94286	0	0.392523865012317	0.47203	0.28362	0.40399	0.36205	0.44093	0.98809	0.15454	6.38037	0	0.771278478212739	0.83699	0.67334	0.77843	0.73925	0.82837	0.91273	0.41834	-5.56963	0
"mult"	5	0.448386035568547	0.209775461931713	0.398170318579309	5.92238863546554	0.39873	0.41421	0.40108	0.40738	0.36945	-0.0567	1.87993	-23.60208	0	0.391965805606344	0.47604	0.49151	0.33259	0.44352	0.21619	0.88332	0.62469	-10.38122	0	0.884889877067926	0.93932	1.00059	0.85751	0.94677	0.68026	0.93224	0.47603	-7.12005	0
"mult"	5	0.265386266983114	0.166759024432395	0.402669010235748	2.93120245950476	0.42181	0.38037	0.41673	0.38274	0.41169	-0.30938	0.92507	-15.09267	0	0.334399953066674	0.37079	0.31569	0.34915	0.2508	0.38557	0.66982	0.46454	-6.82671	0	0.536464004282724	0.5886	0.49214	0.56691	0.45216	0.58252	0.71549	0.43121	-5.93347	0
"mult"	5	0.397362367506139	0.116309743258171	0.400347338686888	4.88015867197607	0.3998	0.39896	0.38556	0.42457	0.39285	-0.10138	1.53344	-21.15746	0	0.390003194308139	0.3708	0.37577	0.36722	0.51196	0.32426	0.99361	0.11678	9.74195	0	0.777152926784471	0.76284	0.76364	0.72348	0.92091	0.7149	0.92392	0.40302	-5.122	0
"mult"	5	0.144704119337257	0.20782191620674	0.37972186163326	1.79399341969497	0.33822	0.3529	0.48194	0.36005	0.3655	-2.64637	0.74979	-12.57168	0	0.322822297600381	0.21617	0.2503	0.57478	0.33551	0.23735	-7.43332	1.14027	-17.60242	0	0.431692735675918	0.3285	0.36226	0.67602	0.42029	0.37139	-3.76203	0.85685	-14.17333	0
"mult"	5	0.491912498080637	0.0811031567282043	0.416727488695282	7.16941251565236	0.42472	0.4161	0.41953	0.4019	0.4214	-0.30712	2.43754	-26.71912	0	0.510424363785005	0.56433	0.51051	0.52559	0.43391	0.51777	0.98821	0.23151	1.53049	0	1.17088115157714	1.23952	1.16767	1.1923	1.0587	1.19622	0.88487	0.72342	-12.14204	0
"mult"	5	0.0879865246010013	0.113146822666749	0.165068782280506	0.591437122654865	0.23787	0.2262	0.06569	-0.04422	0.3398	0.7135	0.11268	10.17132	0	0.0451537545544895	0.0454	0.00813	0.0607	0.01216	0.09938	0.27216	0.1796	4.57732	0	0.0525866388404609	0.05593	0.02406	0.06021	0.00999	0.11275	0.38656	0.16488	5.60329	0
"mult"	5	0.137527137272991	0.0973430126905441	0.0790001871639722	2.48891492466511	0.13146	0.07329	0.06431	0.06041	0.06552	0.93239	0.07359	15.28308	0	0.147177861963638	0.26259	0.1475	0.09824	0.11897	0.10859	0.87458	0.10023	11.57602	0	0.173498075158661	0.29895	0.16591	0.13056	0.13517	0.13689	0.94115	0.06866	16.11564	0
"mult"	5	0.378308670478873	0.0230278532835655	0.39418895088464	4.4653482266253	0.3992	0.39612	0.39465	0.38824	0.39274	0.02456	1.3183	-19.34337	0	0.385566697059902	0.4094	0.37712	0.38399	0.36936	0.38796	0.99666	0.07709	14.72583	0	0.714492366505655	0.74173	0.71338	0.71444	0.6902	0.71272	0.94299	0.31871	-2.3056	0
"mult"	5	0.225515705859289	0.0112183187156916	0.348765475513224	2.05933594862134	0.34671	0.35234	0.34521	0.35368	0.34588	0.40359	0.46827	-6.92272	0	0.223561234378	0.21576	0.22814	0.2246	0.23263	0.21669	0.99904	0.0188	31.65795	0	0.321244427765543	0.31398	0.32726	0.31939	0.33155	0.31404	0.97596	0.09402	12.34378	0
"mult"	5	0.453712769923732	0.111633576569147	0.404452606320677	6.2550395495149	0.4037	0.40568	0.40427	0.39469	0.41392	-0.17248	2.07112	-24.76432	0	0.404605577050034	0.41458	0.3648	0.44426	0.41176	0.38763	0.91075	0.57143	-9.31199	0	0.950612391394666	0.95295	0.93075	0.97347	0.91895	0.97693	0.91988	0.54142	-8.66452	0
"mult"	5	0.371694739197847	0.224367966526188	0.37608855701714	4.10033043275029	0.38337	0.38243	0.37957	0.30668	0.42839	0.22576	1.12372	-17.42701	0	0.330822333887893	0.39987	0.26728	0.34246	0.12562	0.51888	0.92178	0.35717	-3.67275	0	0.608298700344363	0.66594	0.57556	0.6187	0.34257	0.83872	0.95044	0.28429	-0.93435	0
"mult"	5	0.423732708382886	0.18821390188532	0.417611063523055	5.43416116543728	0.38193	0.43602	0.41509	0.42881	0.4262	-0.20469	1.70182	-22.40766	0	0.537442034092771	0.30568	0.67538	0.45457	0.70628	0.5453	0.24289	1.34914	-19.62083	0	0.98641548845042	0.72809	1.13189	0.92312	1.13324	1.01574	0.80698	0.6812	-11.42043	0
"mult"	5	0.155561215698253	0.138692685461137	0.144997770916826	2.19768027568637	0.13932	0.08129	0.20314	0.15982	0.14142	0.48103	0.25118	0.55187	0	0.194489704879549	0.16996	0.05475	0.342	0.21558	0.19017	0.41918	0.26572	-0.12362	0	0.248698825690017	0.22905	0.1055	0.3914	0.27569	0.24186	0.58145	0.22557	1.84221	0
"mult"	5	0.337687179574277	0.10790895181708	0.385210257753469	3.69241827241791	0.3664	0.39981	0.3905	0.37922	0.39012	0.05537	1.07925	-16.94245	0	0.320541210770093	0.34799	0.33668	0.32769	0.31643	0.27392	0.97921	0.16011	5.95583	0	0.576916188759481	0.5636	0.61372	0.58993	0.56206	0.55526	0.9395	0.27313	-0.45348	0
"mult"	5	0.0932119912118651	0.189647074730601	0.548945014377624	0.748275257971897	0.54561	0.46499	0.43081	0.46604	0.83727	-0.32788	0.28286	-0.87342	0	0.169360603909273	0.14931	0.06729	0.0708	0.09744	0.46197	-0.93099	0.3411	-3.12015	0	0.199906255292041	0.18274	0.09744	0.09312	0.12178	0.50445	-0.5118	0.30181	-1.65176	0
"mult"	5	0.419743242976256	0.0250669720117003	0.401554139282839	5.32895540832307	0.40183	0.40044	0.40477	0.40169	0.39904	-0.05674	1.64042	-21.96667	0	0.430995571328627	0.43079	0.41549	0.44715	0.43605	0.42549	0.9944	0.11939	9.4775	0	0.854585913458987	0.85523	0.84132	0.87443	0.85823	0.84372	0.93311	0.41273	-5.40758	0
"mult"	5	0.232095803273842	0.20495440979721	0.358750724376638	2.11512382286352	0.4799	0.36922	0.25664	0.31498	0.37303	0.06424	0.62265	-10.34205	0	0.231988754958621	0.46422	0.19772	0.16644	0.24336	0.0882	0.85594	0.2443	0.88487	0	0.350526320257779	0.61705	0.3256	0.22483	0.31862	0.26653	0.81999	0.27309	-0.452	0
"mult"	5	0.197677855927032	0.0418956684879959	0.326052695274296	1.71858805716918	0.32499	0.33044	0.33604	0.32155	0.31724	0.6221	0.31198	-2.04952	0	0.199855113868427	0.18662	0.21992	0.20371	0.20542	0.1836	0.99573	0.03317	24.84521	0	0.265339521960778	0.25448	0.28321	0.2735	0.26738	0.24812	0.98195	0.06817	16.20095	0
"mult"	5	0.221505845186766	0.199973313661758	0.350646569090289	1.95657839023413	0.37637	0.40661	0.35807	0.39759	0.21459	0.30378	0.47899	-7.19444	0	0.223637496522765	0.24375	0.33473	0.22063	0.26905	0.05002	0.98071	0.07972	14.32362	0	0.318576110982417	0.34866	0.43736	0.31802	0.38421	0.10463	0.94949	0.12901	8.54707	0
"mult"	5	0.107941210945137	0.0546411361428909	0.0976873777285904	1.37681120030335	0.10361	0.0579	0.10955	0.10583	0.11155	0.93828	0.05589	18.58438	0	0.100193462217652	0.10455	0.07407	0.11677	0.09841	0.10717	0.95319	0.04867	20.24384	0	0.112861286706113	0.11844	0.07642	0.12935	0.11579	0.12431	0.93368	0.05794	18.15286	0
"mult"	5	0.278946645511314	0.190155687101651	0.343225927748289	2.72708099946823	0.3468	0.40549	0.35588	0.39112	0.21684	0.44016	0.64638	-10.7909	0	0.246144610710262	0.29871	0.29959	0.30054	0.26846	0.06343	0.89506	0.27985	-0.74535	0	0.390997851383946	0.42641	0.49549	0.43633	0.45524	0.14153	0.93	0.22856	1.68405	0
"mult"	5	0.490076630993281	0.0713214642019011	0.408506821828529	6.98635038191791	0.41543	0.41038	0.4016	0.40145	0.41368	-0.15206	2.27206	-25.8755	0	0.484118899054399	0.49132	0.45196	0.46072	0.46339	0.55321	0.99621	0.13034	8.42374	0	1.09769662008709	1.13121	1.08542	1.05418	1.05528	1.16239	0.92407	0.58329	-9.55844	0
"mult"	5	0.254063566378318	0.194847120088525	0.15288797248749	2.9500554304096	0.13231	0.16745	0.13142	0.1798	0.15347	0.83413	0.35026	-3.43826	0	0.0987975574013089	0.12748	0.09154	0.14276	0.13419	-0.00198	-0.18024	0.93431	-15.2119	0	0.207086735464216	0.20079	0.21807	0.21064	0.25947	0.14646	0.44032	0.64339	-10.73529	0
"mult"	5	0.0723596242023632	0.214728144055698	0.327079576152138	0.571224410996135	0.87921	0.46752	0.40065	0.07005	-0.18204	-0.08566	0.261	0.09144	0	0.167140087562153	0.57503	0.22341	0.19253	-0.02165	-0.13362	-2.59947	0.47524	-7.10016	0	0.166929868496854	0.53265	0.23522	0.20188	-0.00915	-0.12595	-1.45345	0.39236	-4.8004	0
"mult"	5	0.276661947625689	0.00786633195821196	0.366001941892269	2.72195279116856	0.36507	0.36307	0.36903	0.36381	0.36904	0.30338	0.67516	-11.31364	0	0.277907984008813	0.27682	0.26905	0.28596	0.2738	0.28391	0.9997	0.01405	35.15513	0	0.42974171657048	0.42792	0.42018	0.43884	0.42438	0.43739	0.97082	0.13817	7.72374	0
"mult"	5	0.167297382699326	0.188094985496718	0.0959645008708217	2.52419472899792	0.19101	0.12201	-0.03448	0.0089	0.19237	0.83719	0.24495	0.8533	0	0.0428247195962582	0.26037	0.06882	-0.27087	-0.10546	0.26126	-0.36615	0.70954	-11.90957	0	0.128079683436068	0.35825	0.16967	-0.19094	-0.05724	0.36067	0.56941	0.39835	-4.98203	0
"mult"	5	0.232323951658327	0.0304330992512405	0.345653279867831	2.13107786189064	0.34943	0.35601	0.33029	0.34428	0.34825	0.46197	0.46565	-6.85551	0	0.228141046803483	0.24468	0.23742	0.20054	0.22461	0.23345	0.99585	0.04088	22.33877	0	0.327749199360994	0.34284	0.3425	0.29581	0.32402	0.33357	0.97676	0.09677	11.99745	0
"mult"	5	0.115361221786588	0.140640995290596	0.124273415747332	1.93050793269858	0.09868	0.21138	0.11197	0.11577	0.08356	0.10756	0.22555	1.84317	0	0.16955588606172	0.12389	0.33696	0.15484	0.14839	0.08371	-0.4521	0.28771	-1.0777	0	0.202476032985329	0.15388	0.37384	0.1827	0.18313	0.11883	0.01973	0.23639	1.27995	0
"add"	5	0.253117054735776	0.213208301633131	0.0865015699034	1.38410004017703	-0.69255	0.13399	0.32742	0.51523	0.14843	-0.20939	0.53711	-8.56855	0	0.206190511255332	0.07788	0.08143	0.31862	0.41599	0.13703	0.88896	0.16275	5.75934	0	0.224322235038837	0.05857	0.0903	0.3483	0.4789	0.14553	0.79986	0.21849	2.22469	0
"add"	5	0.31852222745074	0.183050027757417	0.361338077603431	1.91420526401522	0.3449	0.36826	0.36	0.37072	0.36282	0.28257	0.45636	-6.61358	0	0.245935634824326	0.26123	0.32901	0.20476	0.21136	0.22332	0.78217	0.25146	0.53827	0	0.336947235879357	0.33691	0.40482	0.30487	0.3181	0.32003	0.88066	0.18613	4.14845	0
"add"	5	0.499186609114986	0.070158229151275	0.18333002097304	3.43328969284366	0.18054	0.16861	0.19349	0.19084	0.18317	0.96491	0.16004	5.96084	0	0.343273566124732	0.3549	0.30195	0.35109	0.35668	0.35174	0.8234	0.35901	-3.73445	0	0.438486774771531	0.44398	0.39076	0.45613	0.45705	0.44451	0.94207	0.20562	2.95348	0
"add"	5	0.392096003284678	0.132049355306663	0.0649132429342802	6.61829877906374	0.03982	0.04395	0.08955	0.0773	0.07394	0.96035	0.12366	9.05574	0	0.352440246490635	0.19578	0.2566	0.4747	0.43444	0.40068	-0.37627	0.72854	-12.22678	0	0.408724084568862	0.24129	0.28209	0.56138	0.49333	0.46553	0.94943	0.13966	7.59537	0
"add"	5	0.0791746907751076	0.0108101434307173	0.010290615570059	7.15900765411142	0.00798	0.01082	0.01097	0.00983	0.01186	0.97972	0.01912	31.4599	0	0.0668009195174987	0.05219	0.0693	0.07149	0.06373	0.0773	0.98794	0.01474	34.5803	0	0.0725711812725462	0.05632	0.07613	0.0774	0.0693	0.08371	0.98043	0.01877	31.67646	0
"add"	5	0.342162876250222	0.106291986070573	0.05617150992315	8.69451232334991	0.05276	0.04518	0.0671	0.05646	0.05936	0.72754	0.31073	-2.00138	0	0.34014854392033	0.32606	0.26597	0.42343	0.34275	0.34254	-0.51786	0.73341	-12.30673	0	0.451760663280831	0.42547	0.35997	0.54553	0.45417	0.47366	0.71056	0.32027	-2.36399	0
"add"	5	0.435292860865593	0.175853271852247	0.134028315093161	4.32362604152714	0.12156	0.12032	0.11864	0.17632	0.1333	0.89272	0.26518	-0.09926	0	0.31153718175257	0.25808	0.30663	0.35552	0.44655	0.19091	0.82537	0.33833	-3.02252	0	0.440088434803038	0.38087	0.40509	0.43168	0.60488	0.37792	0.94033	0.19777	3.42065	0
"add"	5	0.389923956606071	0.0203503663069569	0.335432376030065	2.2523452154579	0.32201	0.326	0.34898	0.34572	0.33445	0.76678	0.31784	-2.27291	0	0.30403265747755	0.29787	0.29137	0.32705	0.30866	0.29521	0.71183	0.35331	-3.54243	0	0.389366674522266	0.37633	0.37307	0.4167	0.39943	0.3813	0.99945	0.01545	34.01473	0
"add"	5	0.0881015382474288	0.0340153421275318	0.0703453778590414	1.46606886699191	0.07864	0.0862	0.07426	0.04988	0.06275	0.97493	0.02501	28.23269	0	0.0855999169941081	0.09947	0.10454	0.09436	0.05087	0.07877	0.95237	0.03448	24.38201	0	0.0934552588840955	0.10665	0.11444	0.10093	0.06061	0.08465	0.97217	0.02635	27.60708	0
"add"	5	0.135015091998503	0.172581330640242	-0.261517563918443	0.785951405602204	-0.14572	-0.23559	-0.60198	-0.14219	-0.18211	-22.87705	1.30231	-19.19693	0	-0.0734741527294593	0.00774	-0.0572	-0.13589	-0.0731	-0.10892	-3.35148	0.55596	-8.98251	0	-0.0958481449500164	-0.01406	-0.08249	-0.18223	-0.08308	-0.11739	-4.95864	0.65058	-10.86848	0
"add"	5	0.458935628191102	0.152742871025112	0.257248554939625	2.38536362607525	0.27475	0.2849	0.04874	0.28137	0.39647	0.88844	0.27444	-0.51119	0	0.279954878891756	0.33126	0.2561	0.15019	0.27244	0.38978	0.93117	0.21557	2.38645	0	0.336760236822949	0.38528	0.31798	0.15272	0.33153	0.4963	0.73257	0.42492	-5.75696	0
"add"	5	0.298270530044101	0.103102700959425	0.196539921678199	2.34729443806449	0.19431	0.17045	0.21932	0.19048	0.20813	0.80863	0.18364	4.30977	0	0.309707720350435	0.27493	0.26138	0.35714	0.30293	0.35217	-2.04113	0.73209	-12.285	0	0.368466509450506	0.34325	0.31243	0.42069	0.35821	0.40777	0.55257	0.28081	-0.78615	0
"add"	5	0.227435853821225	0.217237838311121	0.471228406114164	1.84690056196176	0.5467	0.44879	0.55002	0.4051	0.40553	-3.00032	0.8141	-13.55923	0	0.423289299733108	0.61639	0.339	0.62216	0.3232	0.2157	-21.36344	1.92487	-23.88555	0	0.542907061722011	0.73789	0.46656	0.74531	0.41677	0.34801	-6.49792	1.11456	-17.32874	0
"add"	5	0.213802377972752	0.126830665802117	0.153455296194414	2.46051859158162	0.16131	0.08856	0.1554	0.17469	0.18732	0.33332	0.29479	-1.36952	0	0.255964693669832	0.2442	0.17788	0.23465	0.30312	0.31997	-1.31458	0.54928	-8.83754	0	0.312569359297386	0.31498	0.1959	0.3024	0.36245	0.38712	0.16106	0.33069	-2.7485	0
"add"	5	0.193958203773946	0.168506204034202	0.16614172445337	2.05366420738209	0.16079	0.26359	0.15456	0.16536	0.08641	0.359	0.25631	0.30926	0	0.235659520875826	0.26526	0.42136	0.21633	0.22324	0.05211	-1.3717	0.49302	-7.54076	0	0.281415259955788	0.29454	0.47988	0.25828	0.27243	0.10195	0.05398	0.31137	-2.02616	0
"add"	5	0.21904925206909	0.164155956066679	0.143846918525683	2.34863033336724	0.14051	0.06179	0.15654	0.20231	0.15809	0.82418	0.15361	6.45312	0	0.236797572243397	0.22753	0.06298	0.25071	0.3691	0.27366	-0.13185	0.38974	-4.71989	0	0.281943586279579	0.27231	0.09525	0.30294	0.42125	0.31795	0.72173	0.19325	3.69817	0
"add"	5	0.428702875319868	0.0446034081978723	0.342945736749072	2.43534313907397	0.35084	0.34628	0.33846	0.31755	0.36159	0.77397	0.33326	-2.84114	0	0.346731508262901	0.3619	0.33552	0.35754	0.30759	0.37112	0.29508	0.58853	-9.66573	0	0.442196548467805	0.45996	0.43472	0.44852	0.39285	0.47493	0.99341	0.05688	18.37404	0
"add"	5	0.23297570256982	0.172208489966579	0.0959877888034588	1.28078793539662	0.28044	-0.22257	0.07111	0.25697	0.09399	0.15331	0.3416	-3.13796	0	0.151749101821263	0.28063	-0.01146	0.20434	0.24216	0.04308	0.76356	0.18052	4.51589	0	0.157779557917536	0.30625	-0.04264	0.19904	0.26721	0.05904	0.66319	0.21545	2.39284	0
"add"	5	0.180878797185142	0.132736778527033	0.0527839446516864	4.01315936289418	0.05865	0.06177	0.03925	0.03242	0.07183	0.97275	0.0541	18.97504	0	0.169899637377772	0.18534	0.19696	0.14505	0.08461	0.23754	0.86465	0.12058	9.35806	0	0.197549652488225	0.21822	0.23059	0.15373	0.11362	0.27159	0.96936	0.05737	18.27052	0
"add"	5	0.177353414706886	0.195564889407251	0.0131300186642184	1.40539044344724	0.2032	0.05104	-0.0352	-0.10896	-0.04443	-0.48969	0.46048	-6.72154	0	0.0146373854629879	0.22724	0.00297	-0.05603	-0.0823	-0.01869	-0.78794	0.50448	-7.81655	0	0.0184696111446665	0.25007	0.02602	-0.05369	-0.09978	-0.03027	-0.60712	0.47829	-7.1768	0
"add"	5	0.479538520320784	0.233275592210703	0.0804497328367842	7.24666960118893	0.11658	0.07711	0.09784	0.0463	0.06441	0.94425	0.20924	2.7438	0	0.352831065650597	0.56053	0.29176	0.41338	0.16652	0.33197	0.76409	0.43041	-5.91102	0	0.5018594523501	0.75245	0.46205	0.60737	0.26925	0.41818	0.96865	0.1569	6.19847	0
"add"	5	0.112127689633053	0.158667948271614	0.0256145284995215	4.80718883988703	-0.00858	0.0407	0.02781	0.04604	0.02211	0.85085	0.1193	9.4863	0	0.0712590847232275	-0.06564	0.13752	0.07089	0.17221	0.04132	0.61461	0.19177	3.79035	0	0.109174768285741	-0.04823	0.18021	0.11688	0.20816	0.08886	0.83793	0.12436	8.98778	0
"add"	5	0.243425665691029	0.124026085890364	0.367663100987354	1.84281029976475	0.34469	0.34209	0.336	0.43088	0.38465	-0.08127	0.53884	-8.60722	0	0.214603656987753	0.20513	0.21103	0.13435	0.31192	0.21058	0.91672	0.14954	6.77471	0	0.313309804596791	0.28862	0.29133	0.23269	0.4307	0.32321	0.8201	0.21979	2.15389	0
"add"	5	0.391446008696221	0.14061498263618	0.232688535198108	2.14035889653945	0.14375	0.20196	0.18149	0.29335	0.34289	0.87815	0.23008	1.60454	0	0.295656569369227	0.19602	0.29577	0.32143	0.3651	0.29996	0.73499	0.33931	-3.05732	0	0.342957685432498	0.21654	0.32836	0.34875	0.42474	0.39641	0.88156	0.22684	1.77493	0
"add"	5	0.422928794601466	0.146258397900965	0.361347834581114	2.58428400228104	0.41051	0.30685	0.33016	0.39657	0.36264	0.56283	0.49641	-7.62293	0	0.338897474454589	0.47328	0.1437	0.32931	0.44443	0.30376	0.54851	0.50447	-7.81633	0	0.462082948709331	0.60971	0.26408	0.42843	0.57438	0.43381	0.95936	0.15134	6.63107	0
"add"	5	0.363471162319183	0.14719180733664	0.349692249960504	2.34957447667839	0.34345	0.394	0.42581	0.32115	0.26405	0.6008	0.44057	-6.19095	0	0.296796082438282	0.34111	0.40501	0.4514	0.15938	0.12708	0.8059	0.30721	-1.86447	0	0.402596702274351	0.43179	0.51921	0.58175	0.27313	0.20711	0.97413	0.11216	10.22658	0
"add"	5	0.322271581925452	0.178526054893155	0.117739459019534	3.66449865412264	0.02917	0.14876	0.12353	0.11042	0.17681	0.90056	0.16877	5.32311	0	0.301691755606124	0.01132	0.3966	0.29688	0.33108	0.47258	-0.0577	0.55043	-8.86265	0	0.372355821015857	0.0564	0.47911	0.37931	0.37372	0.57324	0.8485	0.20832	2.79709	0
"add"	5	0.219041773630306	0.0220627492526546	0.0300531862671479	8.16527674545739	0.02981	0.02794	0.02921	0.03215	0.03115	0.9768	0.05606	18.54943	0	0.194086212392364	0.19118	0.17983	0.18592	0.20599	0.20751	0.82709	0.15303	6.49785	0	0.235025802654677	0.23286	0.21825	0.22781	0.25121	0.245	0.97601	0.057	18.34958	0
"add"	5	0.294030887144618	0.200174469151534	0.0546754604909609	1.79987318531986	-0.15683	0.03128	-0.05153	0.20224	0.24823	-0.66975	0.68201	-11.43479	0	0.190170124037334	0.17147	0.09428	0.05242	0.20928	0.42341	0.65616	0.30949	-1.95327	0	0.190536006467234	0.12415	0.08798	0.02653	0.25765	0.45638	0.39779	0.40958	-5.31586	0
"add"	5	0.113778593053576	0.0799067036132328	0.279576519860228	0.881885335809423	0.27864	0.33851	0.24829	0.34129	0.19116	-0.08701	0.17596	4.82277	0	0.159056480142906	0.15249	0.20356	0.12339	0.21824	0.09761	-2.37377	0.30999	-1.97283	0	0.178774988741508	0.17324	0.22696	0.1438	0.23875	0.11111	-0.84267	0.2291	1.65608	0
"add"	5	0.151790297206026	0.152770591492299	0.149887578924967	1.43526873839429	0.16853	0.10761	0.21559	0.01165	0.24605	0.91749	0.10548	10.96367	0	0.117985050170704	0.13836	0.1266	0.19137	-0.08524	0.21883	0.71239	0.19694	3.4712	0	0.145631540425669	0.16626	0.13477	0.22575	-0.05875	0.26013	0.82447	0.15385	6.43415	0
"add"	5	0.366233120218385	0.122425671375822	0.0739496274629459	6.07500371202387	0.05467	0.08758	0.05513	0.09173	0.08064	0.94603	0.14902	6.81658	0	0.29894097864247	0.19133	0.39493	0.21581	0.37473	0.3179	0.65976	0.37418	-4.23114	0	0.397283138841004	0.2806	0.4871	0.29134	0.49647	0.4309	0.96007	0.12819	8.62319	0
"add"	5	0.323944241623394	0.0287690380355343	0.330252544250221	1.88503432287133	0.31035	0.34378	0.32406	0.33548	0.3376	0.76109	0.26441	-0.06438	0	0.262188723810322	0.25523	0.26661	0.24951	0.27898	0.26062	0.76697	0.26114	0.08533	0	0.328315225308922	0.31321	0.3386	0.31461	0.34466	0.3305	0.99678	0.0307	25.77276	0
"add"	5	0.443270114145707	0.017466165299993	0.344269166697069	2.56195756815155	0.34289	0.34675	0.35119	0.33917	0.34134	0.7403	0.38152	-4.46418	0	0.343890346525456	0.33583	0.34775	0.35695	0.34332	0.33561	0.54655	0.50414	-7.80833	0	0.449067931779741	0.44133	0.45405	0.46493	0.44499	0.44004	0.99945	0.01755	32.48466	0
"add"	5	0.255659419973381	0.0240103602991439	0.310290114778983	1.5131260138733	0.31183	0.30765	0.29869	0.32866	0.30461	0.82159	0.1834	4.32581	0	0.209532393703158	0.20723	0.21183	0.21057	0.2138	0.20423	0.91173	0.129	8.54772	0	0.254131054130564	0.25264	0.25503	0.25101	0.26439	0.24759	0.99781	0.02033	30.71926	0
"add"	5	0.232967060408555	0.0984590919688344	0.108229963206889	2.37880964572144	0.15389	0.09193	0.13559	0.09039	0.06936	0.97637	0.05909	17.9163	0	0.183925980166237	0.27831	0.17332	0.24364	0.13315	0.09122	0.91059	0.11494	9.93322	0	0.217070620531729	0.32036	0.19381	0.28052	0.16847	0.12219	0.97245	0.06381	16.99544	0
"add"	5	0.0804217033903115	0.0489524860749952	0.0676717299918291	1.31495010201726	0.0688	0.03913	0.1062	0.06866	0.05557	0.95597	0.02886	26.51693	0	0.0759223147362387	0.07985	0.04298	0.11946	0.08364	0.05369	0.92691	0.03718	23.47578	0	0.0816708885269829	0.08451	0.04652	0.12859	0.08672	0.06202	0.95122	0.03037	25.9027	0
"add"	5	0.382643290504348	0.10549473867286	0.0687124076970083	6.37905328758117	0.08067	0.06179	0.05166	0.06046	0.08897	0.98736	0.07208	15.53217	0	0.322254900104853	0.40933	0.2812	0.22521	0.28767	0.40787	0.38051	0.50466	-7.82075	0	0.400919954761263	0.48364	0.35638	0.29343	0.35329	0.51786	0.98156	0.08708	13.26405	0
"add"	5	0.123223347950261	0.23953640734544	0.138568534399233	2.22992936514031	-0.01411	0.21852	0.05158	0.2437	0.19316	0.33988	0.3311	-2.76325	0	0.177410258259937	-0.18272	0.35119	-0.02737	0.41459	0.33136	0.56405	0.26907	-0.27394	0	0.239508239437395	-0.11412	0.4184	0.03416	0.48008	0.37902	0.51544	0.28368	-0.9082	0
"add"	5	0.381431055557914	0.244835997291375	-0.000944426793244868	2.07675606567767	0.12442	0.03768	0.0774	0.07898	-0.3232	-2.88977	1.1997	-18.21212	0	0.234244452913488	0.23814	0.23935	0.43821	0.2221	0.03342	0.64353	0.36318	-3.87294	0	0.214940489174459	0.25141	0.22044	0.44121	0.21807	-0.05643	0.14219	0.56339	-9.14177	0
"add"	5	0.187469892704394	0.021308223658707	0.0809690181789954	2.54409890618087	0.08646	0.08489	0.07978	0.0759	0.07782	0.98902	0.03213	25.22862	0	0.160902839695733	0.16361	0.1727	0.16698	0.15163	0.1496	0.91748	0.08807	13.12846	0	0.184338211939548	0.19288	0.19538	0.18594	0.17302	0.17448	0.99021	0.03033	25.9193	0
"add"	5	0.448769722110592	0.0916669615544379	0.0804582292882362	6.6672800360073	0.0918	0.06105	0.09763	0.08831	0.0635	0.95583	0.15912	6.02953	0	0.356940441214823	0.3768	0.23581	0.47645	0.39265	0.30299	0.33209	0.6188	-10.26754	0	0.473906160789913	0.53103	0.34321	0.5942	0.521	0.3801	0.96071	0.15009	6.73126	0
"add"	5	0.162286048464011	0.209602653456386	0.0487480369873355	2.64173607445894	0.07169	0.01817	0.00056	0.03289	0.12043	0.62452	0.14088	7.49077	0	0.125341287308175	0.18782	0.08003	-0.02445	0.0958	0.28751	0.36137	0.18373	4.30408	0	0.128899676649568	0.19053	0.06327	-0.00855	0.09132	0.30792	0.59969	0.14546	7.10661	0
"add"	5	0.229283332987688	0.0711290417821147	0.127383005535775	2.57612214129464	0.11719	0.14504	0.07757	0.14438	0.15274	0.78493	0.16447	5.63305	0	0.234868053603942	0.20355	0.28349	0.13645	0.27847	0.27238	-0.21113	0.39029	-4.73693	0	0.279936469725554	0.24982	0.32824	0.16467	0.32461	0.33234	0.69523	0.19579	3.54151	0
"add"	5	0.300748292810749	0.14941204508068	0.364394009423466	1.98110295349962	0.4483	0.18733	0.42297	0.42021	0.34315	0.2549	0.48636	-7.37748	0	0.267642226993896	0.41403	0.01202	0.34951	0.38122	0.18143	0.67268	0.32235	-2.4419	0	0.364782609745947	0.53129	0.06318	0.46405	0.4846	0.28079	0.8382	0.22664	1.78552	0
"add"	5	0.0618396298610605	0.125539954984561	-0.0134274374275239	0.460647825509502	-0.22404	-0.00865	-0.10916	0.01113	0.26358	-3.05687	0.18787	4.03679	0	0.0268385262185526	-0.01031	0.02845	-0.01811	0.02344	0.11073	-0.23144	0.10351	11.19013	0	0.0224825166510775	-0.02139	0.02383	-0.02388	0.02029	0.11356	-0.52466	0.11517	9.90862	0
"add"	5	0.413623384130187	0.0594345388235524	0.364388345989803	2.45139960261782	0.3628	0.37853	0.37741	0.35505	0.34815	0.56569	0.45111	-6.47486	0	0.347458151321702	0.31029	0.35999	0.39033	0.3433	0.33339	0.13653	0.63608	-10.59808	0	0.459090915392343	0.4282	0.47999	0.50347	0.44843	0.43537	0.93971	0.16808	5.37248	0
"add"	5	0.469813866855111	0.0829671823885292	0.0960185645323695	5.74632411765379	0.09707	0.09098	0.0924	0.11119	0.08845	0.98707	0.08863	13.052	0	0.376783565638003	0.39726	0.39299	0.33307	0.41875	0.34185	0.14686	0.71984	-12.08248	0	0.481524681852868	0.49435	0.47296	0.44895	0.55165	0.43971	0.98681	0.08951	12.93305	0
"add"	5	0.390140846942086	0.0490115539869294	0.341261169101973	2.27437191848555	0.34486	0.35521	0.32626	0.36877	0.3112	0.71004	0.35697	-3.66607	0	0.302557056514006	0.2877	0.30447	0.31268	0.36062	0.24732	0.72909	0.34505	-3.25837	0	0.393597565466786	0.38343	0.40403	0.39269	0.45883	0.329	0.99526	0.04563	21.0194	0
"add"	5	0.465002684819046	0.143275413895026	0.358569862438386	2.72203410541893	0.4014	0.35431	0.36405	0.35517	0.31791	0.61517	0.48777	-7.41228	0	0.363565835943878	0.40431	0.4034	0.39816	0.32082	0.29114	0.3821	0.61807	-10.25337	0	0.489366132439068	0.56075	0.51798	0.52097	0.45088	0.39624	0.97677	0.11983	9.43279	0
